Density: Initial Temperature: Average Pressure: 
1 80 0.641949
2 80 1.18458
3 80 0.942093
4 80 0.889311
5 80 0.986517
6 80 1.01983
7 80 0.934245
8 80 0.510651
9 80 0.399387
10 80 0.297711
1 110 0.900313
2 110 1.78782
3 110 2.65269
4 110 3.46679
5 110 4.07126
6 110 4.55765
7 110 4.77307
8 110 4.92435
9 110 5.27261
10 110 5.48058
1 140 1.15447
2 140 2.30174
3 140 3.44291
4 140 4.59122
5 140 5.69564
6 140 6.84015
7 140 7.94293
8 140 8.91631
9 140 9.97458
10 140 10.8573
1 170 1.40529
2 170 2.80446
3 170 4.20332
4 170 5.59025
5 170 6.9878
6 170 8.36958
7 170 9.75783
8 170 11.1299
9 170 12.5158
10 170 13.8901
1 200 1.65574
2 200 3.30427
3 200 4.95343
4 200 6.60513
5 200 8.26058
6 200 9.89439
7 200 11.5392
8 200 13.1938
9 200 14.8255
10 200 16.421
1 230 1.90661
2 230 3.81044
3 230 5.71154
4 230 7.61565
5 230 9.50492
6 230 11.402
7 230 13.3046
8 230 15.1964
9 230 17.0862
10 230 18.9641
1 260 2.15736
2 260 4.31279
3 260 6.4596
4 260 8.61949
5 260 10.7621
6 260 12.9235
7 260 15.0571
8 260 17.2025
9 260 19.3338
10 260 21.5027
1 290 2.40914
2 290 4.81091
3 290 7.21124
4 290 9.61867
5 290 12.0118
6 290 14.4113
7 290 16.8172
8 290 19.2214
9 290 21.6218
10 290 24.0054
1 320 2.65822
2 320 5.31147
3 320 7.96801
4 320 10.6233
5 320 13.2723
6 320 15.9112
7 320 18.5762
8 320 21.2271
9 320 23.8558
10 320 26.5159
1 350 2.90876
2 350 5.81212
3 350 8.72156
4 350 11.6202
5 350 14.5197
6 350 17.4185
7 350 20.3304
8 350 23.2313
9 350 26.128
10 350 29.0253
