#c       1
#tau     20
#x1      -26
#x2      26
#runtime 100
#dx      1
#outtime 1
#ngrid   52
#dt      0.5
#nsteps  200
#nper    2


# t = 0
-26 0
-25 0
-24 0
-23 0
-22 0
-21 0
-20 0
-19 0
-18 0
-17 0
-16 0
-15 0
-14 0
-13 0
-12 0.0192308
-11 0.0384615
-10 0.0576923
-9 0.0769231
-8 0.0961538
-7 0.115385
-6 0.134615
-5 0.153846
-4 0.173077
-3 0.192308
-2 0.211538
-1 0.230769
0 0.25
1 0.230769
2 0.211538
3 0.192308
4 0.173077
5 0.153846
6 0.134615
7 0.115385
8 0.0961538
9 0.0769231
10 0.0576923
11 0.0384615
12 0.0192308
13 0
14 0
15 0
16 0
17 0
18 0
19 0
20 0
21 0
22 0
23 0
24 0
25 0


# t = 0.5
-26 0
-25 0
-24 0
-23 0
-22 0
-21 0
-20 0
-19 0
-18 0
-17 0
-16 0
-15 0
-14 0.00120192
-13 0.011899
-12 0.0204327
-11 0.0384615
-10 0.0576923
-9 0.0769231
-8 0.0961538
-7 0.115385
-6 0.134615
-5 0.153846
-4 0.173077
-3 0.192308
-2 0.211538
-1 0.228365
0 0.226202
1 0.228365
2 0.211538
3 0.192308
4 0.173077
5 0.153846
6 0.134615
7 0.115385
8 0.0961538
9 0.0769231
10 0.0576923
11 0.0384615
12 0.0204327
13 0.011899
14 0.00120192
15 0
16 0
17 0
18 0
19 0
20 0
21 0
22 0
23 0
24 0
25 0


# t = 1.5
-26 0
-25 0
-24 0
-23 0
-22 0
-21 0
-20 0
-19 0
-18 0
-17 0
-16 7.51202e-05
-15 0.00163011
-14 0.010474
-13 0.0225315
-12 0.0297048
-11 0.0400916
-10 0.0577674
-9 0.0769231
-8 0.0961538
-7 0.115385
-6 0.134615
-5 0.153846
-4 0.173077
-3 0.192157
-2 0.208278
-1 0.209821
0 0.204937
1 0.209821
2 0.208278
3 0.192157
4 0.173077
5 0.153846
6 0.134615
7 0.115385
8 0.0961538
9 0.0769231
10 0.0577674
11 0.0400916
12 0.0297048
13 0.0225315
14 0.010474
15 0.00163011
16 7.51202e-05
17 0
18 0
19 0
20 0
21 0
22 0
23 0
24 0
25 0


# t = 2.5
-26 0
-25 0
-24 0
-23 0
-22 0
-21 0
-20 0
-19 0
-18 4.69501e-06
-17 0.000157283
-16 0.00188317
-15 0.00975976
-14 0.0222103
-13 0.028828
-12 0.0414411
-11 0.0482213
-10 0.0595755
-9 0.0770804
-8 0.0961585
-7 0.115385
-6 0.134615
-5 0.153837
-4 0.172762
-3 0.188541
-2 0.192019
-1 0.186349
0 0.192344
1 0.186349
2 0.192019
3 0.188541
4 0.172762
5 0.153837
6 0.134615
7 0.115385
8 0.0961585
9 0.0770804
10 0.0595755
11 0.0482213
12 0.0414411
13 0.028828
14 0.0222103
15 0.00975976
16 0.00188317
17 0.000157283
18 4.69501e-06
19 0
20 0
21 0
22 0
23 0
24 0
25 0


# t = 3.5
-26 0
-25 0
-24 0
-23 0
-22 0
-21 0
-20 2.93438e-07
-19 1.32928e-05
-18 0.00023534
-17 0.00205743
-16 0.00929113
-15 0.0214529
-14 0.0289969
-13 0.0392555
-12 0.0482277
-11 0.0599144
-10 0.0669834
-9 0.0789805
-8 0.0963892
-7 0.115397
-6 0.134589
-5 0.153375
-4 0.168962
-3 0.173725
-2 0.168633
-1 0.172775
0 0.171489
1 0.172775
2 0.168633
3 0.173725
4 0.168962
5 0.153375
6 0.134589
7 0.115397
8 0.0963892
9 0.0789805
10 0.0669834
11 0.0599144
12 0.0482277
13 0.0392555
14 0.0289969
15 0.0214529
16 0.00929113
17 0.00205743
18 0.00023534
19 1.32928e-05
20 2.93438e-07
21 0
22 0
23 0
24 0
25 0


# t = 4.5
-26 0
-25 0
-24 0
-23 0
-22 1.83399e-08
-21 1.04721e-06
-20 2.46151e-05
-19 0.00030703
-18 0.00218593
-17 0.00893928
-16 0.0206334
-15 0.0290635
-14 0.0374208
-13 0.0483979
-12 0.0566515
-11 0.0675251
-10 0.0783257
-9 0.0858623
-8 0.0983377
-7 0.115642
-6 0.134026
-5 0.149475
-4 0.155198
-3 0.151041
-2 0.153411
-1 0.155928
0 0.153204
1 0.155928
2 0.153411
3 0.151041
4 0.155198
5 0.149475
6 0.134026
7 0.115642
8 0.0983377
9 0.0858623
10 0.0783257
11 0.0675251
12 0.0566515
13 0.0483979
14 0.0374208
15 0.0290635
16 0.0206334
17 0.00893928
18 0.00218593
19 0.00030703
20 2.46151e-05
21 1.04721e-06
22 1.83399e-08
23 0
24 0
25 0


# t = 5.5
-26 0
-25 0
-24 1.14624e-09
-23 7.89762e-08
-22 2.31719e-06
-21 3.77237e-05
-20 0.00037218
-19 0.00228406
-18 0.008653
-17 0.0198434
-16 0.0289047
-15 0.0361953
-14 0.0475136
-13 0.0550673
-12 0.0667443
-11 0.0746568
-10 0.0865968
-9 0.0967618
-8 0.104731
-7 0.116924
-6 0.130419
-5 0.136578
-4 0.133392
-3 0.134498
-2 0.139148
-1 0.135742
0 0.139865
1 0.135742
2 0.139148
3 0.134498
4 0.133392
5 0.136578
6 0.130419
7 0.116924
8 0.104731
9 0.0967618
10 0.0865968
11 0.0746568
12 0.0667443
13 0.0550673
14 0.0475136
15 0.0361953
16 0.0289047
17 0.0198434
18 0.008653
19 0.00228406
20 0.00037218
21 3.77237e-05
22 2.31719e-06
23 7.89762e-08
24 1.14624e-09
25 0


# t = 6.5
-26 7.16402e-11
-25 5.78136e-09
-24 2.03471e-07
-23 4.09519e-06
-22 5.19359e-05
-21 0.000431182
-20 0.00236037
-19 0.00840762
-18 0.0191048
-17 0.0285634
-16 0.035359
-15 0.0461028
-14 0.0543706
-13 0.0644932
-12 0.0736013
-11 0.084564
-10 0.0930431
-9 0.105383
-8 0.114396
-7 0.119071
-6 0.120161
-5 0.116068
-4 0.116002
-3 0.121594
-2 0.119333
-1 0.122028
0 0.121014
1 0.122028
2 0.119333
3 0.121594
4 0.116002
5 0.116068
6 0.120161
7 0.119071
8 0.114396
9 0.105383
10 0.0930431
11 0.084564
12 0.0736013
13 0.0644932
14 0.0543706
15 0.0461028
16 0.035359
17 0.0285634
18 0.0191048
19 0.00840762
20 0.00236037
21 0.000431182
22 5.19359e-05
23 4.09519e-06
24 2.03471e-07
25 5.78136e-09


# t = 7.5
-26 1.70013e-08
-25 4.08089e-07
-24 6.34072e-06
-23 6.67628e-05
-22 0.00048456
-21 0.00242013
-20 0.00818971
-19 0.0184193
-18 0.0280965
-17 0.0347254
-16 0.0445788
-15 0.0537483
-14 0.0622707
-13 0.0728105
-12 0.0815007
-11 0.0921971
-10 0.102138
-9 0.110679
-8 0.11941
-7 0.117425
-6 0.105966
-5 0.100073
-4 0.104111
-3 0.103217
-2 0.104048
-1 0.106228
0 0.104379
1 0.106228
2 0.104048
3 0.103217
4 0.104111
5 0.100073
6 0.105966
7 0.117425
8 0.11941
9 0.110679
10 0.102138
11 0.0921971
12 0.0815007
13 0.0728105
14 0.0622707
15 0.0537483
16 0.0445788
17 0.0347254
18 0.0280965
19 0.0184193
20 0.00818971
21 0.00242013
22 0.00048456
23 6.67628e-05
24 6.34071e-06
25 4.07675e-07


# t = 8.5
-26 7.02091e-07
-25 8.99908e-06
-24 8.18544e-05
-23 0.000532839
-22 0.00246686
-21 0.00799132
-20 0.0177831
-19 0.0275484
-18 0.0341821
-17 0.043131
-16 0.0529146
-15 0.0605415
-14 0.0713647
-13 0.0793733
-12 0.0905776
-11 0.0988393
-10 0.109541
-9 0.11512
-8 0.114353
-7 0.107367
-6 0.0973016
-5 0.0934733
-4 0.0892819
-3 0.0870114
-2 0.0905373
-1 0.0880487
0 0.0912521
1 0.0880487
2 0.0905373
3 0.0870114
4 0.0892819
5 0.0934733
6 0.0973016
7 0.107367
8 0.114353
9 0.11512
10 0.109541
11 0.0988393
12 0.0905776
13 0.0793733
14 0.0713647
15 0.0605415
16 0.0529146
17 0.043131
18 0.0341821
19 0.0275484
20 0.0177831
21 0.00799132
22 0.00246686
23 0.000532839
24 8.1853e-05
25 8.96092e-06


# t = 9.5
-26 1.19388e-05
-25 9.69552e-05
-24 0.000576501
-23 0.00250306
-22 0.00780744
-21 0.0171908
-20 0.026951
-19 0.0336688
-18 0.0418206
-17 0.0518514
-16 0.0592305
-15 0.0694454
-14 0.0779816
-13 0.0880085
-12 0.0970206
-11 0.106754
-10 0.111917
-9 0.11316
-8 0.103593
-7 0.0951514
-6 0.0942288
-5 0.0873958
-4 0.0771815
-3 0.0763497
-2 0.073224
-1 0.0748998
0 0.0739589
1 0.0748998
2 0.073224
3 0.0763497
4 0.0771815
5 0.0873958
6 0.0942288
7 0.0951514
8 0.103593
9 0.11316
10 0.111917
11 0.106754
12 0.0970206
13 0.0880085
14 0.0779816
15 0.0694454
16 0.0592305
17 0.0518514
18 0.0418206
19 0.0336688
20 0.026951
21 0.0171908
22 0.00780744
23 0.00250306
24 0.000576428
25 9.58633e-05


# t = 10.5
-26 0.000110308
-25 0.000615855
-24 0.00253054
-23 0.00763474
-22 0.0166371
-21 0.0263258
-20 0.0331553
-19 0.040651
-18 0.0506265
-17 0.0581488
-16 0.0674098
-15 0.0767322
-14 0.0853891
-13 0.0954803
-12 0.103419
-11 0.110136
-10 0.109833
-9 0.101798
-8 0.0941286
-7 0.0897251
-6 0.0864686
-5 0.0789191
-4 0.0734163
-3 0.0651224
-2 0.0605999
-1 0.060561
0 0.0588155
1 0.060561
2 0.0605999
3 0.0651224
4 0.0734163
5 0.0789191
6 0.0864686
7 0.0897251
8 0.0941286
9 0.101798
10 0.109833
11 0.110136
12 0.103419
13 0.0954803
14 0.0853891
15 0.0767322
16 0.0674098
17 0.0581488
18 0.0506265
19 0.040651
20 0.0331553
21 0.0263258
22 0.0166371
23 0.00763462
24 0.00252897
25 0.000600659


# t = 11.5
-26 0.000632786
-25 0.00254857
-24 0.00747076
-23 0.0161174
-22 0.0256877
-21 0.0326283
-20 0.0396042
-19 0.0493156
-18 0.0571455
-17 0.0654854
-16 0.0753053
-15 0.0831788
-14 0.0934919
-13 0.10074
-12 0.107874
-11 0.106736
-10 0.100767
-9 0.0910334
-8 0.0880428
-7 0.0854918
-6 0.0755884
-5 0.0721834
-4 0.0677933
-3 0.0578081
-2 0.0525953
-1 0.0459567
0 0.0472174
1 0.0459567
2 0.0525953
3 0.0578081
4 0.0677933
5 0.0721834
6 0.0755884
7 0.0854918
8 0.0880428
9 0.0910334
10 0.100767
11 0.106736
12 0.107874
13 0.10074
14 0.0934919
15 0.0831788
16 0.0753053
17 0.0654854
18 0.0571455
19 0.0493156
20 0.0396042
21 0.0326282
22 0.0256875
23 0.0161153
24 0.00745209
25 0.00242421


# t = 12.5
-26 0.00242395
-25 0.00729185
-24 0.015625
-23 0.0250463
-22 0.0320833
-21 0.0386566
-20 0.0479786
-19 0.0561324
-18 0.0637574
-17 0.0736464
-16 0.0813771
-15 0.091098
-14 0.0986961
-13 0.104933
-12 0.104666
-11 0.0985852
-10 0.0890214
-9 0.0864086
-8 0.0825986
-7 0.0755597
-6 0.0703292
-5 0.0649871
-4 0.0578589
-3 0.0545323
-2 0.0445481
-1 0.0386399
0 0.0350045
1 0.0386399
2 0.0445481
3 0.0545323
4 0.0578589
5 0.0649871
6 0.0703292
7 0.0755597
8 0.0825986
9 0.0864086
10 0.0890214
11 0.0985852
12 0.104666
13 0.104933
14 0.0986961
15 0.091098
16 0.0813771
17 0.0736464
18 0.0637574
19 0.0561324
20 0.0479786
21 0.0386564
22 0.0320804
23 0.025024
24 0.0154871
25 0.00663059


# t = 13.5
-26 0.00645116
-25 0.0150105
-24 0.0243828
-23 0.0315169
-22 0.037786
-21 0.0466561
-20 0.0550707
-19 0.0622251
-18 0.0718276
-17 0.0798088
-16 0.0885981
-15 0.0968346
-14 0.10193
-13 0.102861
-12 0.0959775
-11 0.0879035
-10 0.0835584
-9 0.0812122
-8 0.0746765
-7 0.067469
-6 0.0652348
-5 0.0568362
-4 0.0511661
-3 0.0461684
-2 0.0401397
-1 0.0343539
0 0.0299498
1 0.0343539
2 0.0401397
3 0.0461684
4 0.0511661
5 0.0568362
6 0.0652348
7 0.067469
8 0.0746765
9 0.0812122
10 0.0835584
11 0.0879035
12 0.0959775
13 0.102861
14 0.10193
15 0.0968346
16 0.0885981
17 0.0798088
18 0.0718276
19 0.062225
20 0.0550703
21 0.0466525
22 0.0377599
23 0.031366
24 0.0236963
25 0.0125917


# t = 14.5
-26 0.0121486
-25 0.0230411
-24 0.0307744
-23 0.0369445
-22 0.045368
-21 0.0539515
-20 0.0608502
-19 0.0699484
-18 0.0783045
-17 0.086228
-16 0.09484
-15 0.099284
-14 0.100728
-13 0.0938167
-12 0.0864362
-11 0.0810159
-10 0.0800604
-9 0.0727419
-8 0.0666151
-7 0.0636399
-6 0.0555565
-5 0.0510979
-4 0.0454899
-3 0.0373856
-2 0.0361804
-1 0.032037
0 0.0329145
1 0.032037
2 0.0361804
3 0.0373856
4 0.0454899
5 0.0510979
6 0.0555565
7 0.0636399
8 0.0666151
9 0.0727419
10 0.0800604
11 0.0810159
12 0.0864362
13 0.0938167
14 0.100728
15 0.099284
16 0.09484
17 0.086228
18 0.0783044
19 0.0699479
20 0.0608457
21 0.0539215
22 0.0452046
23 0.036236
24 0.0283648
25 0.0167612


# t = 15.5
-26 0.0162839
-25 0.0277742
-24 0.0354456
-23 0.04396
-22 0.0527492
-21 0.059581
-20 0.0680897
-19 0.0767607
-18 0.0840851
-17 0.0926365
-16 0.0970344
-15 0.0982421
-14 0.0921619
-13 0.0844144
-12 0.0793064
-11 0.078044
-10 0.0716005
-9 0.0655169
-8 0.0614252
-7 0.0560176
-6 0.0490913
-5 0.044722
-4 0.0383002
-3 0.0346472
-2 0.0306273
-1 0.0338717
0 0.0348467
1 0.0338717
2 0.0306273
3 0.0346472
4 0.0383002
5 0.044722
6 0.0490913
7 0.0560176
8 0.0614252
9 0.0655169
10 0.0716005
11 0.078044
12 0.0793064
13 0.0844144
14 0.0921619
15 0.0982421
16 0.0970344
17 0.0926364
18 0.0840845
19 0.0767554
20 0.0680558
21 0.0594058
22 0.0520212
23 0.0415631
24 0.0293298
25 0.0160432


# t = 16.5
-26 0.0158418
-25 0.0287329
-24 0.0403917
-23 0.0507964
-22 0.0581997
-21 0.0662667
-20 0.0751324
-19 0.0821621
-18 0.0902949
-17 0.0950235
-16 0.0956538
-15 0.0906622
-14 0.0822904
-13 0.077889
-12 0.0756867
-11 0.071013
-10 0.0636695
-9 0.060307
-8 0.0553862
-7 0.0475393
-6 0.0449276
-5 0.0372235
-4 0.0337024
-3 0.0323546
-2 0.031449
-1 0.0339906
0 0.0347179
1 0.0339906
2 0.031449
3 0.0323546
4 0.0337024
5 0.0372235
6 0.0449276
7 0.0475393
8 0.0553862
9 0.060307
10 0.0636695
11 0.071013
12 0.0756867
13 0.077889
14 0.0822904
15 0.0906622
16 0.0956537
17 0.0950226
18 0.0902886
19 0.0821243
20 0.0749461
21 0.0655217
22 0.0558185
23 0.0448382
24 0.0290554
25 0.0129172


# t = 17.5
-26 0.0127996
-25 0.0283186
-24 0.0437473
-23 0.0546697
-22 0.0638158
-21 0.0732379
-20 0.0803626
-19 0.0879207
-18 0.0930747
-17 0.0931937
-16 0.0890251
-15 0.0804379
-14 0.0762569
-13 0.0736762
-12 0.0700847
-11 0.0621207
-10 0.0592994
-9 0.0540762
-8 0.0473514
-7 0.0434938
-6 0.0371659
-5 0.0335206
-4 0.0314952
-3 0.0309079
-2 0.0351176
-1 0.0326634
0 0.0331141
1 0.0326634
2 0.0351176
3 0.0309079
4 0.0314952
5 0.0335206
6 0.0371659
7 0.0434938
8 0.0473514
9 0.0540762
10 0.0592994
11 0.0621207
12 0.0700847
13 0.0736762
14 0.0762569
15 0.0804378
16 0.089024
17 0.0931864
18 0.0930329
19 0.0877238
20 0.079603
21 0.0708749
22 0.0580092
23 0.0437074
24 0.0283892
25 0.0127015


# t = 18.5
-26 0.0122474
-25 0.0277352
-24 0.0429339
-23 0.0565553
-22 0.0691381
-21 0.0779278
-20 0.0854145
-19 0.0910339
-18 0.0909563
-17 0.0871653
-16 0.0789201
-15 0.0743426
-14 0.0721138
-13 0.0686264
-12 0.0612463
-11 0.0576797
-10 0.053301
-9 0.046887
-8 0.041938
-7 0.0378643
-6 0.0320481
-5 0.0316553
-4 0.0310384
-3 0.0333434
-2 0.0333388
-1 0.0334344
0 0.0311751
1 0.0334344
2 0.0333388
3 0.0333434
4 0.0310384
5 0.0316553
6 0.0320481
7 0.0378643
8 0.041938
9 0.046887
10 0.053301
11 0.0576797
12 0.0612463
13 0.0686263
14 0.0721136
15 0.0743413
16 0.0789117
17 0.0871197
18 0.0907496
19 0.0902616
20 0.0830719
21 0.0722674
22 0.058531
23 0.041643
24 0.0275603
25 0.0150489


# t = 19.5
-26 0.0144993
-25 0.0270352
-24 0.0407172
-23 0.0571164
-22 0.0707797
-21 0.0809085
-20 0.0881689
-19 0.088731
-18 0.0851053
-17 0.0775899
-16 0.0723459
-15 0.0707245
-14 0.0669932
-13 0.0606282
-12 0.0558393
-11 0.0528687
-10 0.0458841
-9 0.0412439
-8 0.0375295
-7 0.0314035
-6 0.0317377
-5 0.0302104
-4 0.0329659
-3 0.0338555
-2 0.0314427
-1 0.0324249
0 0.0329348
1 0.0324249
2 0.0314427
3 0.0338555
4 0.0329659
5 0.0302104
6 0.0317377
7 0.0314035
8 0.0375295
9 0.0412439
10 0.0458841
11 0.0528687
12 0.0558393
13 0.060628
14 0.0669917
15 0.0707151
16 0.0722965
17 0.0773739
18 0.0843224
19 0.0864105
20 0.0826497
21 0.0706394
22 0.0563008
23 0.0420013
24 0.0281443
25 0.01519


# t = 20.5
-26 0.0150182
-25 0.0274054
-24 0.0408542
-23 0.055239
-22 0.0689415
-21 0.0806284
-20 0.084569
-19 0.0822681
-18 0.0760685
-17 0.0704297
-16 0.069231
-15 0.065527
-14 0.0598205
-13 0.0543334
-12 0.0521152
-11 0.0450934
-10 0.0406624
-9 0.0366738
-8 0.0317203
-7 0.0305666
-6 0.0305085
-5 0.0322978
-4 0.0332502
-3 0.0315896
-2 0.0323325
-1 0.0312064
0 0.033669
1 0.0312064
2 0.0323325
3 0.0315896
4 0.0332502
5 0.0322978
6 0.0305085
7 0.0305666
8 0.0317203
9 0.0366738
10 0.0406624
11 0.0450934
12 0.0521149
13 0.0543316
14 0.0598099
15 0.0654738
16 0.0690063
17 0.0696378
18 0.0737719
19 0.0768854
20 0.0746221
21 0.0665705
22 0.0540966
23 0.0427825
24 0.029366
25 0.0134523


# t = 21.5
-26 0.0133086
-25 0.028567
-24 0.0418154
-23 0.0527983
-22 0.0649288
-21 0.0731648
-20 0.0750358
-19 0.0724066
-18 0.0679954
-17 0.067331
-16 0.0642614
-15 0.0587161
-14 0.0532704
-13 0.0508823
-12 0.044798
-11 0.039664
-10 0.0361816
-9 0.0317622
-8 0.0294834
-7 0.0310689
-6 0.0309496
-5 0.0335125
-4 0.0313646
-3 0.0312285
-2 0.0319408
-1 0.0327187
0 0.0305675
1 0.0327187
2 0.0319408
3 0.0312285
4 0.0313646
5 0.0335125
6 0.0309496
7 0.0310689
8 0.0294834
9 0.0317622
10 0.0361816
11 0.0396637
12 0.0447959
13 0.0508705
14 0.0532135
15 0.0584832
16 0.0634622
17 0.0650595
18 0.0627449
19 0.0627675
20 0.0613861
21 0.058599
22 0.0525937
23 0.0416282
24 0.0283959
25 0.0137672


# t = 22.5
-26 0.0132395
-25 0.0279179
-24 0.0407213
-23 0.0510829
-22 0.0574292
-21 0.0600552
-20 0.0615828
-19 0.061448
-18 0.0632908
-17 0.0623903
-16 0.0572578
-15 0.0523637
-14 0.0494561
-13 0.0446641
-12 0.038534
-11 0.0359281
-10 0.0313509
-9 0.0291224
-8 0.0307172
-7 0.0304851
-6 0.0332813
-5 0.0308975
-4 0.0310659
-3 0.0317468
-2 0.0314949
-1 0.031903
0 0.0309638
1 0.031903
2 0.0314949
3 0.0317468
4 0.0310659
5 0.0308975
6 0.0332813
7 0.0304851
8 0.0307172
9 0.0291223
10 0.0313505
11 0.0359257
12 0.038521
13 0.0446036
14 0.0492157
15 0.0515585
16 0.0550125
17 0.057268
18 0.053946
19 0.0481939
20 0.0473023
21 0.0478475
22 0.046544
23 0.0381786
24 0.0261815
25 0.0147224


# t = 23.5
-26 0.0142976
-25 0.025621
-24 0.037207
-23 0.0456038
-22 0.0467715
-21 0.046309
-20 0.0474152
-19 0.0524608
-18 0.0563115
-17 0.0538869
-16 0.0506653
-15 0.0479354
-14 0.0442454
-13 0.0377013
-12 0.035412
-11 0.0310434
-10 0.0289002
-9 0.0299431
-8 0.0307426
-7 0.0321041
-6 0.0313789
-5 0.0303212
-4 0.0313252
-3 0.0315083
-2 0.0314978
-1 0.0301242
0 0.0327922
1 0.0301242
2 0.0314978
3 0.0315083
4 0.0313252
5 0.0303212
6 0.0313789
7 0.0321041
8 0.0307426
9 0.0299427
10 0.0288975
11 0.0310293
12 0.0353481
13 0.037454
14 0.0434357
15 0.0457174
16 0.0456672
17 0.0448238
18 0.0434407
19 0.03847
20 0.0353415
21 0.0356808
22 0.0343596
23 0.0313593
24 0.0241095
25 0.0128495


# t = 24.5
-26 0.0127546
-25 0.0232789
-24 0.0306802
-23 0.033859
-22 0.0348803
-21 0.0347389
-20 0.0373683
-19 0.0427407
-18 0.0441398
-17 0.0447544
-16 0.0447126
-15 0.04275
-14 0.0370363
-13 0.0344437
-12 0.0310558
-11 0.0283885
-10 0.0294424
-9 0.0307476
-8 0.0311059
-7 0.0318578
-6 0.0292821
-5 0.0314795
-4 0.0309804
-3 0.030978
-2 0.0305654
-1 0.0315004
0 0.0304333
1 0.0315004
2 0.0305654
3 0.030978
4 0.0309804
5 0.0314795
6 0.0292821
7 0.0318577
8 0.0311053
9 0.0307446
10 0.0294271
11 0.0283212
12 0.0308021
13 0.0336306
14 0.0348463
15 0.0378726
16 0.0359197
17 0.0322548
18 0.0304412
19 0.0308076
20 0.0269736
21 0.0227944
22 0.0209592
23 0.0208559
24 0.018316
25 0.00944746


# t = 25.5
-26 0.00916892
-25 0.0179556
-24 0.0205036
-23 0.0204966
-22 0.0226116
-21 0.0262286
-20 0.0301082
-19 0.030196
-18 0.0316031
-17 0.0353376
-16 0.0371217
-15 0.0346603
-14 0.032591
-13 0.0309011
-12 0.0277191
-11 0.0291349
-10 0.030348
-9 0.030736
-8 0.0315235
-7 0.0290765
-6 0.031029
-5 0.0305843
-4 0.0308869
-3 0.0302354
-2 0.0306906
-1 0.0312994
0 0.0297813
1 0.0312994
2 0.0306906
3 0.0302354
4 0.0308869
5 0.0305842
6 0.0310289
7 0.0290759
8 0.0315202
9 0.0307194
10 0.0302774
11 0.0288753
12 0.0269038
13 0.0287398
14 0.0278307
15 0.0261267
16 0.0249814
17 0.0219324
18 0.0198169
19 0.0200154
20 0.0186051
21 0.0126526
22 0.00970838
23 0.00848222
24 0.00716163
25 0.00531856


# t = 26.5
-26 0.00504065
-25 0.00733073
-24 0.00836849
-23 0.00955845
-22 0.0123932
-21 0.0182219
-20 0.020035
-19 0.019317
-18 0.0216533
-17 0.0245837
-16 0.0261464
-15 0.0270665
-14 0.0286237
-13 0.0265575
-12 0.0284069
-11 0.0299054
-10 0.0305095
-9 0.0308158
-8 0.0294307
-7 0.0298752
-6 0.0309437
-5 0.0301684
-4 0.0300909
-3 0.0304339
-2 0.0308783
-1 0.0294732
0 0.0315144
1 0.0294732
2 0.0308783
3 0.0304339
4 0.0300909
5 0.0301683
6 0.030943
7 0.0298714
8 0.0294129
9 0.0307421
10 0.0302445
11 0.0290889
12 0.0262748
13 0.0219111
14 0.0203393
15 0.015274
16 0.0130345
17 0.0129505
18 0.0116708
19 0.00822924
20 0.00681961
21 0.00542971
22 0.000677036
23 -0.00328724
24 -0.00411572
25 -0.00163674


# t = 27.5
-26 -0.00133442
-25 -0.00401204
-24 -0.00301167
-23 0.000775633
-22 0.0051134
-21 0.00717601
-20 0.00821603
-19 0.0114885
-18 0.0128125
-17 0.0131782
-16 0.0151131
-15 0.0201306
-14 0.0220117
-13 0.0255571
-12 0.0289469
-11 0.0298258
-10 0.0302446
-9 0.0295286
-8 0.0289525
-7 0.0311718
-6 0.0293549
-5 0.030286
-4 0.0297469
-3 0.0306208
-2 0.0296833
-1 0.0303389
0 0.0300717
1 0.0303389
2 0.0296833
3 0.0306208
4 0.0297467
5 0.0302852
6 0.0293508
7 0.0311528
8 0.0288757
9 0.0292587
10 0.0294279
11 0.0277235
12 0.0244112
13 0.0175124
14 0.0105557
15 0.00731071
16 0.00363843
17 0.00338035
18 0.00211448
19 -0.00135634
20 -0.00445013
21 -0.00428641
22 -0.00724258
23 -0.011515
24 -0.0118402
25 -0.00876833


# t = 28.5
-26 -0.00832336
-25 -0.0115323
-24 -0.0111619
-23 -0.00706677
-22 -0.00379876
-21 -0.00420912
-20 -0.00127959
-19 0.00244562
-18 0.0035579
-17 0.00382211
-16 0.00718526
-15 0.0111286
-14 0.0169559
-13 0.024419
-12 0.0272562
-11 0.0291254
-10 0.028994
-9 0.0285294
-8 0.0306655
-7 0.0292697
-6 0.0298705
-5 0.0293898
-4 0.0304335
-3 0.029424
-2 0.0297504
-1 0.0304989
0 0.0290458
1 0.0304989
2 0.0297504
3 0.0294239
4 0.0304326
5 0.0293853
6 0.0298504
7 0.02919
8 0.0303911
9 0.0277133
10 0.0269218
11 0.0246974
12 0.0194421
13 0.0132888
14 0.00442619
15 -0.000182508
16 -0.00243862
17 -0.00651086
18 -0.00891115
19 -0.0100777
20 -0.0125253
21 -0.0160924
22 -0.0158547
23 -0.015802
24 -0.0156506
25 -0.0104223


# t = 29.5
-26 -0.0103323
-25 -0.0150416
-24 -0.0155251
-23 -0.0152325
-22 -0.0152864
-21 -0.0123316
-20 -0.00957466
-19 -0.00840766
-18 -0.00594088
-17 -0.00241588
-16 0.000460734
-15 0.00433453
-14 0.0133893
-13 0.019389
-12 0.0243999
-11 0.0266527
-10 0.0275553
-9 0.029581
-8 0.0295349
-7 0.0288952
-6 0.0296479
-5 0.0296567
-4 0.0294941
-3 0.0293366
-2 0.0301241
-1 0.0289602
0 0.0303019
1 0.0289601
2 0.030124
3 0.0293356
4 0.0294893
5 0.0296354
6 0.0295654
7 0.0286168
8 0.0287203
9 0.0275391
10 0.0232321
11 0.0190609
12 0.0135851
13 0.00714675
14 0.00224603
15 -0.00512429
16 -0.0095305
17 -0.014508
18 -0.0183038
19 -0.0194662
20 -0.0210095
21 -0.0241153
22 -0.0239572
23 -0.0194865
24 -0.0145632
25 -0.00719744


# t = 30.5
-26 -0.00712812
-25 -0.014333
-24 -0.018761
-23 -0.0230574
-22 -0.0236459
-21 -0.020135
-20 -0.0187626
-19 -0.0176372
-18 -0.0140172
-17 -0.00877664
-16 -0.00478841
-15 0.00221583
-14 0.0076258
-13 0.0133912
-12 0.0191596
-11 0.0230353
-10 0.0269425
-9 0.0288269
-8 0.0279058
-7 0.0296566
-6 0.028871
-5 0.0297164
-4 0.0286538
-3 0.0299469
-2 0.0290118
-1 0.0293689
0 0.0294947
1 0.0293687
2 0.0290108
3 0.0299417
4 0.0286314
5 0.0296314
6 0.028589
7 0.0288442
8 0.0258944
9 0.0246057
10 0.0195648
11 0.0125258
12 0.00720159
13 0.00241962
14 -0.00167515
15 -0.00745558
16 -0.0165059
17 -0.0209622
18 -0.0249113
19 -0.0286528
20 -0.0302423
21 -0.0287551
22 -0.0277077
23 -0.0221765
24 -0.0114051
25 -0.00412433


# t = 31.5
-26 -0.00397478
-25 -0.0112609
-24 -0.0213183
-23 -0.0270334
-22 -0.0279588
-21 -0.0291568
-20 -0.0276877
-19 -0.0241737
-18 -0.0202194
-17 -0.0156137
-16 -0.00735499
-15 -0.000962603
-14 0.00235398
-13 0.00759606
-12 0.0125477
-11 0.0193789
-10 0.0244419
-9 0.0257308
-8 0.0283277
-7 0.0284616
-6 0.0292614
-5 0.0283767
-4 0.0296283
-3 0.0288334
-2 0.0289153
-1 0.029623
0 0.0284812
1 0.0296219
2 0.0289096
3 0.0288097
4 0.0295408
5 0.0280915
6 0.028452
7 0.026481
8 0.0242058
9 0.0185598
10 0.0142279
11 0.00770142
12 0.00175106
13 -0.00155287
14 -0.00701802
15 -0.0123102
16 -0.0193472
17 -0.0263601
18 -0.0308473
19 -0.0353245
20 -0.0362585
21 -0.0330726
22 -0.0271057
23 -0.020152
24 -0.0112834
25 -0.00414355


# t = 32.5
-26 -0.00400634
-25 -0.0106663
-24 -0.0198779
-23 -0.0264276
-22 -0.0318279
-21 -0.035322
-20 -0.0342141
-19 -0.0298392
-18 -0.0252977
-17 -0.0190384
-16 -0.0113685
-15 -0.00663328
-14 -0.0012072
-13 0.00207441
-12 0.00775476
-11 0.0142596
-10 0.0187809
-9 0.0235259
-8 0.0267278
-7 0.0276408
-6 0.0283548
-5 0.0287125
-4 0.0289778
-3 0.0284423
-2 0.0293025
-1 0.0284511
0 0.029255
1 0.0284453
2 0.0292778
3 0.0283523
4 0.0286898
5 0.0279066
6 0.0264049
7 0.0236157
8 0.0197563
9 0.013598
10 0.00737978
11 0.00364039
12 -0.00124687
13 -0.00701707
14 -0.0121921
15 -0.0184177
16 -0.0219787
17 -0.0293109
18 -0.0361023
19 -0.0383527
20 -0.038029
21 -0.0344592
22 -0.0253888
23 -0.0166222
24 -0.0127263
25 -0.00685414


# t = 33.5
-26 -0.00648455
-25 -0.0123014
-24 -0.0163004
-23 -0.0245748
-22 -0.0335024
-21 -0.0368902
-20 -0.0373024
-19 -0.0347697
-18 -0.028545
-17 -0.0211534
-16 -0.0175837
-15 -0.0117455
-14 -0.00624905
-13 -0.0011882
-12 0.00393548
-11 0.00774773
-10 0.0133719
-9 0.0199699
-8 0.0231239
-7 0.0265236
-6 0.0271674
-5 0.0288798
-4 0.0277502
-3 0.0291173
-2 0.028385
-1 0.0285569
0 0.028805
1 0.0285325
2 0.0282931
3 0.0288268
4 0.0269483
5 0.0269606
6 0.0232366
7 0.0197447
8 0.013473
9 0.0088408
10 0.00293234
11 -0.00111042
12 -0.00489284
13 -0.011819
14 -0.0178131
15 -0.0222267
16 -0.0275326
17 -0.0316014
18 -0.0369866
19 -0.0385245
20 -0.0364076
21 -0.0308492
22 -0.0239793
23 -0.0173632
24 -0.0126365
25 -0.00846043


# t = 34.5
-26 -0.00815088
-25 -0.0125134
-24 -0.0165143
-23 -0.0232978
-22 -0.0301711
-21 -0.0352842
-20 -0.0372816
-19 -0.0360155
-18 -0.0306337
-17 -0.0262456
-16 -0.0217957
-15 -0.0167855
-14 -0.0114351
-13 -0.00434472
-12 -0.000709152
-11 0.00309912
-10 0.00896793
-9 0.0136952
-8 0.0195223
-7 0.0231667
-6 0.0266104
-5 0.0268104
-4 0.0284277
-3 0.0281608
-2 0.0281662
-1 0.0287471
0 0.027935
1 0.0286597
2 0.0278752
3 0.0273638
4 0.0265394
5 0.0229715
6 0.0200177
7 0.0137843
8 0.00866052
9 0.00343681
10 0.000250168
11 -0.005482
12 -0.0109957
13 -0.0156776
14 -0.0217909
15 -0.0264411
16 -0.0318834
17 -0.0345964
18 -0.0343628
19 -0.03508
20 -0.0315876
21 -0.026087
22 -0.0228944
23 -0.0197475
24 -0.0128764
25 -0.0063266


# t = 35.5
-26 -0.00644486
-25 -0.0123401
-24 -0.0191006
-23 -0.0222252
-22 -0.025297
-21 -0.0307561
-20 -0.0339951
-19 -0.033508
-18 -0.0332152
-17 -0.0310602
-16 -0.0252914
-15 -0.0211394
-14 -0.015059
-13 -0.0102056
-12 -0.00506264
-11 0.000396698
-10 0.00399435
-9 0.00847115
-8 0.0142722
-7 0.0194633
-6 0.0233592
-5 0.0257452
-4 0.0275523
-3 0.0274047
-2 0.0283846
-1 0.0278585
0 0.0282521
1 0.027592
2 0.0275996
3 0.0255486
4 0.0238032
5 0.0193326
6 0.0142368
7 0.00886399
8 0.00419608
9 -0.000108733
10 -0.00435412
11 -0.00955642
12 -0.0161556
13 -0.0204369
14 -0.0244494
15 -0.0308686
16 -0.0335307
17 -0.0347909
18 -0.0322414
19 -0.0281087
20 -0.0251547
21 -0.0234279
22 -0.021814
23 -0.0188249
24 -0.0131627
25 -0.00451068


# t = 36.5
-26 -0.00440314
-25 -0.0126601
-24 -0.0184741
-23 -0.021082
-22 -0.0225806
-21 -0.0244531
-20 -0.0275306
-19 -0.0309427
-18 -0.0338494
-17 -0.0325048
-16 -0.0296626
-15 -0.0237928
-14 -0.0194237
-13 -0.0155843
-12 -0.00902658
-11 -0.00370328
-10 -8.98279e-06
-9 0.00466404
-8 0.00875706
-7 0.0146932
-6 0.0188491
-5 0.0240167
-4 0.0250684
-3 0.027442
-2 0.0274212
-1 0.027647
0 0.027744
1 0.0269584
2 0.0256229
3 0.0237876
4 0.0188316
5 0.0151465
6 0.00850733
7 0.00479997
8 0.000313013
9 -0.00346507
10 -0.00964
11 -0.0145494
12 -0.0191321
13 -0.0247349
14 -0.0288008
15 -0.0318997
16 -0.0334146
17 -0.0315033
18 -0.0286948
19 -0.022476
20 -0.0201786
21 -0.0209881
22 -0.0194408
23 -0.0153695
24 -0.0109479
25 -0.00616947


# t = 37.5
-26 -0.00563347
-25 -0.0108977
-24 -0.0148912
-23 -0.0188615
-22 -0.0203267
-21 -0.0195448
-20 -0.0217175
-19 -0.0278233
-18 -0.0306603
-17 -0.0321315
-16 -0.0312069
-15 -0.0274534
-14 -0.0239537
-13 -0.0184631
-12 -0.0137914
-11 -0.00902182
-10 -0.00310857
-9 0.000721017
-8 0.00495636
-7 0.00880156
-6 0.0150658
-5 0.0189695
-4 0.0234405
-3 0.0255104
-2 0.0265604
-1 0.0272951
0 0.0264573
1 0.0257954
2 0.0230834
3 0.0194702
4 0.0148219
5 0.00888196
6 0.00535613
7 0.000491749
8 -0.00296545
9 -0.00859957
10 -0.0137028
11 -0.0189987
12 -0.022725
13 -0.0274984
14 -0.0319083
15 -0.0312391
16 -0.0301941
17 -0.0271769
18 -0.0225709
19 -0.0204847
20 -0.0182257
21 -0.0166725
22 -0.0148387
23 -0.0116026
24 -0.00842585
25 -0.00652431


# t = 38.5
-26 -0.00640513
-25 -0.00810177
-24 -0.0112292
-23 -0.0144481
-22 -0.0162741
-21 -0.0175327
-20 -0.0195641
-19 -0.0221991
-18 -0.0260966
-17 -0.0294481
-16 -0.0301011
-15 -0.0308508
-14 -0.0266099
-13 -0.0217755
-12 -0.0182162
-11 -0.0132154
-10 -0.00775543
-9 -0.00283196
-8 0.00118337
-7 0.00511531
-6 0.00961994
-5 0.0143631
-4 0.0197937
-3 0.0226247
-2 0.0253081
-1 0.0255956
0 0.0251594
1 0.0228762
2 0.0196991
3 0.0143361
4 0.00998229
5 0.00484453
6 0.00144485
7 -0.00260978
8 -0.00783851
9 -0.0131708
10 -0.0175999
11 -0.021952
12 -0.0269228
13 -0.0295599
14 -0.0304355
15 -0.0298462
16 -0.0253088
17 -0.021728
18 -0.0188126
19 -0.0186444
20 -0.0169496
21 -0.0122844
22 -0.00924048
23 -0.00806494
24 -0.00684293
25 -0.00295419


# t = 39.5
-26 -0.00316704
-25 -0.0063894
-24 -0.00782926
-23 -0.00902149
-22 -0.0118934
-21 -0.0162887
-20 -0.0181648
-19 -0.0179451
-18 -0.0211976
-17 -0.0245417
-16 -0.0286528
-15 -0.0297451
-14 -0.0283909
-13 -0.025897
-12 -0.0212303
-11 -0.0167494
-10 -0.0126637
-9 -0.00703153
-8 -0.00249622
-7 0.00211471
-6 0.00472751
-5 0.0104295
-4 0.0141185
-3 0.019442
-2 0.0219967
-1 0.0230907
0 0.0222314
1 0.0190781
2 0.0146039
3 0.0101403
4 0.00487718
5 0.00241562
6 -0.00280295
7 -0.00661823
8 -0.0125772
9 -0.016739
10 -0.0212204
11 -0.0251424
12 -0.0288291
13 -0.0297629
14 -0.0274151
15 -0.0250851
16 -0.0212846
17 -0.0173536
18 -0.0175554
19 -0.0155643
20 -0.0131804
21 -0.00944242
22 -0.0056286
23 -0.00461199
24 -0.00309362
25 -0.00019972


# t = 40.5
-26 -2.51383e-05
-25 -0.00321216
-24 -0.00437722
-23 -0.00539128
-22 -0.00899049
-21 -0.0128976
-20 -0.0150865
-19 -0.0167706
-18 -0.0168844
-17 -0.0203561
-16 -0.0245673
-15 -0.0263239
-14 -0.0288122
-13 -0.0278813
-12 -0.0241447
-11 -0.0203646
-10 -0.016089
-9 -0.0118684
-8 -0.00612234
-7 -0.00226332
-6 0.00249037
-5 0.00524917
-4 0.0098344
-3 0.0140392
-2 0.0172938
-1 0.0187901
0 0.0172648
1 0.0141855
2 0.00963692
3 0.00563779
4 0.00221822
5 -0.00200848
6 -0.00593698
7 -0.0120777
8 -0.0156858
9 -0.0202594
10 -0.0241849
11 -0.0277653
12 -0.0280471
13 -0.0269546
14 -0.0242622
15 -0.0192837
16 -0.0175129
17 -0.0166146
18 -0.0147027
19 -0.0120759
20 -0.00840017
21 -0.00676554
22 -0.00457155
23 -0.000985608
24 0.00151993
25 0.000180988


# t = 41.5
-26 0.00036088
-25 0.00136397
-24 -0.00100058
-23 -0.0041798
-22 -0.00655064
-21 -0.00817969
-20 -0.0115193
-19 -0.014478
-18 -0.0156285
-17 -0.0170715
-16 -0.0186584
-15 -0.0233356
-14 -0.026134
-13 -0.0271313
-12 -0.0266714
-11 -0.0233747
-10 -0.0192663
-9 -0.0152721
-8 -0.0110457
-7 -0.00589616
-6 -0.00118683
-5 0.00175147
-4 0.00548846
-3 0.00794996
-2 0.0110584
-1 0.0118887
0 0.0109224
1 0.00820439
2 0.00533353
3 0.00184133
4 -0.000950743
5 -0.00614565
6 -0.0106473
7 -0.0152818
8 -0.0192748
9 -0.0230858
10 -0.0264587
11 -0.0273062
12 -0.0258122
13 -0.0226763
14 -0.0193937
15 -0.0164471
16 -0.014817
17 -0.0150477
18 -0.0112453
19 -0.00793785
20 -0.00551589
21 -0.00377895
22 -0.0023987
23 0.00137659
24 0.00259467
25 0.00130136


# t = 42.5
-26 0.00107127
-25 0.00279878
-24 0.00134673
-23 -0.00233547
-22 -0.00364785
-21 -0.00509994
-20 -0.00779359
-19 -0.0107335
-18 -0.0145828
-17 -0.0142846
-16 -0.0155982
-15 -0.018955
-14 -0.0218261
-13 -0.0248716
-12 -0.0264848
-11 -0.0253659
-10 -0.02232
-9 -0.018257
-8 -0.0149428
-7 -0.00978232
-6 -0.00618758
-5 -0.00107507
-4 0.000347343
-3 0.00249722
-2 0.00309415
-1 0.00352661
0 0.00326048
1 0.00223841
2 0.000740913
3 -0.00135283
4 -0.0059486
5 -0.00963912
6 -0.0151562
7 -0.0177714
8 -0.0224622
9 -0.0252256
10 -0.0262683
11 -0.0245898
12 -0.0221159
13 -0.0184011
14 -0.0151284
15 -0.0150233
16 -0.0136894
17 -0.0102269
18 -0.00818878
19 -0.00484158
20 -0.00344248
21 -0.00114059
22 0.00155047
23 0.00140929
24 0.00128994
25 0.00220251


# t = 43.5
-26 0.00211387
-25 0.001322
-24 0.00160404
-23 0.00131365
-22 -0.000938361
-21 -0.00326722
-20 -0.00459866
-19 -0.00771438
-18 -0.0101691
-17 -0.012894
-16 -0.0145217
-15 -0.0145104
-14 -0.0177614
-13 -0.0213283
-12 -0.0237411
-11 -0.0253625
-10 -0.024272
-9 -0.0215613
-8 -0.0171997
-7 -0.0146168
-6 -0.00996083
-5 -0.00680443
-4 -0.00424019
-3 -0.00399052
-2 -0.00475944
-1 -0.00508266
0 -0.00474849
1 -0.00392757
2 -0.0043253
3 -0.00652796
4 -0.0101895
5 -0.0142976
6 -0.0171835
7 -0.0216264
8 -0.023852
9 -0.0254851
10 -0.023583
11 -0.0210739
12 -0.0175097
13 -0.0148388
14 -0.0137566
15 -0.0126749
16 -0.0107937
17 -0.00665778
18 -0.00436489
19 -0.00344018
20 -0.000790226
21 0.00158257
22 0.00288753
23 0.00134668
24 0.000746331
25 0.000436904


# t = 44.5
-26 0.000665914
-25 0.000626993
-24 0.00129945
-23 0.00305011
-22 0.0015108
-21 -0.000781043
-20 -0.00299677
-19 -0.00440263
-18 -0.00609647
-17 -0.0105402
-16 -0.01222
-15 -0.0130163
-14 -0.0143016
-13 -0.0169348
-12 -0.0202086
-11 -0.0228695
-10 -0.0244575
-9 -0.0232885
-8 -0.0206466
-7 -0.0176294
-6 -0.0147486
-5 -0.013
-4 -0.0106982
-3 -0.0111533
-2 -0.0118634
-1 -0.0126416
0 -0.0119773
1 -0.0109226
2 -0.0108655
3 -0.0128465
4 -0.0146209
5 -0.0177971
6 -0.0202386
7 -0.0234389
8 -0.0243027
9 -0.0226077
10 -0.0202199
11 -0.0168395
12 -0.0139348
13 -0.0128786
14 -0.0125023
15 -0.00961201
16 -0.00616156
17 -0.00479913
18 -0.00191723
19 -0.000722789
20 0.00153311
21 0.00305508
22 0.0016961
23 0.00193866
24 0.000531299
25 -0.00133329


# t = 45.5
-26 -0.00127401
-25 0.000603195
-24 0.00177869
-23 0.00188359
-22 0.00298911
-21 0.00165161
-20 -0.000788702
-19 -0.00162403
-18 -0.00444197
-17 -0.00603536
-16 -0.00912777
-15 -0.0120468
-14 -0.0122458
-13 -0.0133567
-12 -0.0162949
-11 -0.0193637
-10 -0.0220968
-9 -0.0234642
-8 -0.0235161
-7 -0.0206582
-6 -0.0202505
-5 -0.0186556
-4 -0.0191965
-3 -0.0183589
-2 -0.0186011
-1 -0.018563
0 -0.0184846
1 -0.0185356
2 -0.0188901
3 -0.0188899
4 -0.0199838
5 -0.0206252
6 -0.0236054
7 -0.0230342
8 -0.0223348
9 -0.0190529
10 -0.0161532
11 -0.0132779
12 -0.0122029
13 -0.0115599
14 -0.00914904
15 -0.00619057
16 -0.00342906
17 -0.00195767
18 -0.000884546
19 0.00262461
20 0.002995
21 0.00202429
22 0.00166165
23 0.00114988
24 2.92744e-05
25 -0.000286487


# t = 46.5
-26 -0.000444083
-25 0.000105387
-24 0.00132956
-23 0.0014181
-22 0.00228093
-21 0.0029606
-20 0.00250181
-19 -0.000515781
-18 -0.00203059
-17 -0.00295847
-16 -0.00596235
-15 -0.00882524
-14 -0.0110222
-13 -0.0115964
-12 -0.0127802
-11 -0.0156643
-10 -0.0185715
-9 -0.0222294
-8 -0.0238052
-7 -0.0253946
-6 -0.0247434
-5 -0.0257137
-4 -0.0262872
-3 -0.0260364
-2 -0.0248293
-1 -0.0241479
0 -0.0247987
1 -0.0260204
2 -0.0262999
3 -0.0255281
4 -0.0249061
5 -0.0250806
6 -0.023881
7 -0.0221556
8 -0.0182525
9 -0.0158434
10 -0.0124447
11 -0.0114734
12 -0.0109312
13 -0.00877436
14 -0.00539089
15 -0.00315434
16 -0.00198141
17 0.000471613
18 0.00197715
19 0.00316798
20 0.00306984
21 0.00147572
22 0.00150023
23 -8.40966e-05
24 0.000245801
25 0.00127837


# t = 47.5
-26 0.00124397
-25 0.000205211
-24 1.36848e-05
-23 0.001561
-22 0.00142698
-21 0.00305166
-20 0.00344565
-19 0.00171065
-18 0.000732121
-17 -0.00177856
-16 -0.00291976
-15 -0.00507813
-14 -0.00845593
-13 -0.0104537
-12 -0.0109451
-11 -0.0123207
-10 -0.015739
-9 -0.0193075
-8 -0.0238216
-7 -0.0280668
-6 -0.0302482
-5 -0.0321309
-4 -0.0322323
-3 -0.0324914
-2 -0.0312269
-1 -0.0306746
0 -0.0313178
1 -0.032293
2 -0.0323876
3 -0.0319519
4 -0.0301958
5 -0.0281478
6 -0.0234675
7 -0.0195026
8 -0.0154623
9 -0.0121839
10 -0.0109779
11 -0.0101789
12 -0.00827982
13 -0.00503911
14 -0.00279733
15 -0.00117708
16 0.000373145
17 0.00202409
18 0.00428633
19 0.00245962
20 0.0018713
21 0.00215625
22 0.000179958
23 0.000337238
24 0.0010329
25 0.000816695


# t = 48.5
-26 0.000932774
-25 0.000996853
-24 0.000210399
-23 0.000465292
-22 0.00195007
-21 0.00205362
-20 0.002477
-19 0.00425079
-18 0.00216982
-17 0.000364943
-16 -0.00089533
-15 -0.00254511
-14 -0.00480817
-13 -0.00803717
-12 -0.00999674
-11 -0.0109688
-10 -0.0133627
-9 -0.0173381
-8 -0.0235354
-7 -0.0287916
-6 -0.0349833
-5 -0.0366861
-4 -0.0378133
-3 -0.0373679
-2 -0.0379023
-1 -0.0379755
0 -0.037821
1 -0.0374839
2 -0.0375797
3 -0.0368683
4 -0.0347255
5 -0.0288197
6 -0.0235222
7 -0.0170079
8 -0.0135919
9 -0.0105656
10 -0.00999536
11 -0.0079411
12 -0.00459589
13 -0.00230486
14 -0.000934704
15 0.000609607
16 0.00273214
17 0.00377789
18 0.00307038
19 0.00265338
20 0.0014212
21 0.00104079
22 0.000657403
23 0.00127848
24 0.000990768
25 -0.000197103


# t = 49.5
-26 -0.000165466
-25 0.00102661
-24 0.00131927
-23 0.000463217
-22 0.00135288
-21 0.00137879
-20 0.00249997
-19 0.00344243
-18 0.00356778
-17 0.00286524
-16 0.000688898
-15 -0.00075082
-14 -0.00213263
-13 -0.00464371
-12 -0.00825295
-11 -0.0109471
-10 -0.0126954
-9 -0.0174223
-8 -0.0226489
-7 -0.0299481
-6 -0.0356353
-5 -0.040141
-4 -0.0417876
-3 -0.0427216
-2 -0.0438973
-1 -0.0446793
0 -0.0438585
1 -0.0427301
2 -0.0417569
3 -0.0400217
4 -0.0357345
5 -0.0296718
6 -0.0227564
7 -0.017257
8 -0.0124972
9 -0.0110771
10 -0.00785419
11 -0.00467348
12 -0.00197995
13 -0.000554866
14 0.000964752
15 0.00275038
16 0.0039725
17 0.00388377
18 0.0020045
19 0.00220587
20 0.00167684
21 9.3858e-05
22 0.00192064
23 0.00139594
24 0.000204092
25 -2.25647e-05


# t = 50.5
-26 -9.48112e-05
-25 0.000292206
-24 0.00143552
-23 0.00184115
-22 0.000217747
-21 0.00161679
-20 0.00238504
-19 0.00190631
-18 0.00403948
-17 0.00396523
-16 0.00274175
-15 0.000980284
-14 -0.000628213
-13 -0.00237835
-12 -0.00581549
-11 -0.0102397
-10 -0.0146022
-9 -0.0182491
-8 -0.0235243
-7 -0.0297129
-6 -0.0349567
-5 -0.0408411
-4 -0.0447876
-3 -0.0479503
-2 -0.0491717
-1 -0.0496259
0 -0.0492421
1 -0.0477842
2 -0.0449208
3 -0.0406597
4 -0.0349496
5 -0.0297239
6 -0.0232426
7 -0.0184289
8 -0.0142706
9 -0.0102198
10 -0.00577293
11 -0.00206932
12 -0.000611751
13 0.0011276
14 0.00297054
15 0.00423412
16 0.00387388
17 0.00248819
18 0.00262824
19 0.00121466
20 0.00117828
21 0.00192176
22 0.00126476
23 0.00084554
24 0.000262612
25 0.000418633


# t = 51.5
-26 0.000435201
-25 0.000230376
-24 0.000830227
-23 0.0015438
-22 0.00157928
-21 0.00140995
-20 0.00132409
-19 0.0024829
-18 0.00267541
-17 0.00384811
-16 0.00416696
-15 0.00271537
-14 0.000583878
-13 -0.00175043
-12 -0.0044513
-11 -0.00953102
-10 -0.0158955
-9 -0.0204518
-8 -0.025187
-7 -0.0287715
-6 -0.0346839
-5 -0.0398261
-4 -0.0467209
-3 -0.0511494
-2 -0.0533502
-1 -0.0534903
0 -0.0532933
1 -0.051222
2 -0.0465446
3 -0.0399593
4 -0.0344522
5 -0.0288249
6 -0.0251056
7 -0.0202192
8 -0.0160653
9 -0.00911633
10 -0.00455108
11 -0.00155979
12 0.000798035
13 0.00279774
14 0.00428258
15 0.00414376
16 0.00288955
17 0.00231627
18 0.00206261
19 0.00141187
20 0.00137551
21 0.0025151
22 0.000748589
23 0.000242168
24 0.000909439
25 0.000388592


# t = 52.5
-26 0.000437314
-25 0.000832739
-24 0.000360818
-23 0.000670591
-22 0.00265978
-21 0.00135031
-20 0.00133387
-19 0.00233664
-18 0.00211034
-17 0.00295094
-16 0.00389894
-15 0.00365504
-14 0.00149579
-13 -0.00163102
-12 -0.00530943
-11 -0.0100012
-10 -0.0156569
-9 -0.0225152
-8 -0.0259318
-7 -0.0297643
-6 -0.0340154
-5 -0.0401706
-4 -0.046402
-3 -0.0519863
-2 -0.0553848
-1 -0.0566273
0 -0.055344
1 -0.0520059
2 -0.0463472
3 -0.0400967
4 -0.0340624
5 -0.0295355
6 -0.026035
7 -0.0223053
8 -0.0155554
9 -0.010047
10 -0.00493568
11 -0.00174254
12 0.00175757
13 0.00381749
14 0.00402754
15 0.00303692
16 0.00249139
17 0.00244625
18 0.0012408
19 0.00217793
20 0.00243402
21 0.000724885
22 0.00123645
23 0.000685395
24 0.000581199
25 0.000399847


# t = 53.5
-26 0.000348984
-25 0.000703512
-24 0.000639551
-23 0.00113168
-22 0.00102761
-21 0.00226639
-20 0.00222623
-19 0.00126791
-18 0.00242327
-17 0.00218289
-16 0.00250314
-15 0.00276136
-14 0.00137397
-13 -0.00211707
-12 -0.0070939
-11 -0.011418
-10 -0.0163123
-9 -0.0216094
-8 -0.0268096
-7 -0.0312141
-6 -0.0350531
-5 -0.0406423
-4 -0.0454088
-3 -0.0507214
-2 -0.0551648
-1 -0.0571677
0 -0.0552183
1 -0.0505841
2 -0.0455176
3 -0.040471
4 -0.0350696
5 -0.0311761
6 -0.0265962
7 -0.0217468
8 -0.0159775
9 -0.0114717
10 -0.00696138
11 -0.00186141
12 0.00133113
13 0.00302632
14 0.00266171
15 0.00232486
16 0.00249977
17 0.00173423
18 0.00219246
19 0.00232985
20 0.00184149
21 0.000749181
22 0.000950437
23 0.00142092
24 0.000216891
25 0.000217272


# t = 54.5
-26 0.000243642
-25 0.000254821
-24 0.00132073
-23 0.00117446
-22 0.000517037
-21 0.0020607
-20 0.00233478
-19 0.00193038
-18 0.00168407
-17 0.0018452
-16 0.00105494
-15 0.000357112
-14 -0.000751949
-13 -0.00395129
-12 -0.00835578
-11 -0.0132411
-10 -0.0173124
-9 -0.0206403
-8 -0.0269163
-7 -0.0321642
-6 -0.0374624
-5 -0.0405247
-4 -0.0448299
-3 -0.0486509
-2 -0.0525494
-1 -0.0539523
0 -0.0525091
1 -0.0486931
2 -0.0446969
3 -0.0406163
4 -0.0372626
5 -0.0322211
6 -0.0267969
7 -0.0204846
8 -0.0174107
9 -0.0128643
10 -0.00849741
11 -0.0036763
12 -0.000613667
13 0.00040579
14 0.0012905
15 0.00203231
16 0.00180506
17 0.00203404
18 0.00285779
19 0.00187676
20 0.000799049
21 0.00186705
22 0.000886941
23 0.000767964
24 0.000791114
25 -6.8738e-05


# t = 55.5
-26 8.9226e-06
-25 0.000647699
-24 0.000956749
-23 0.000836068
-22 0.00181882
-21 0.000865319
-20 0.00178331
-19 0.00267955
-18 0.0012832
-17 0.000734854
-16 -0.000327202
-15 -0.00240797
-14 -0.0046768
-13 -0.00689508
-12 -0.00999451
-11 -0.0142557
-10 -0.0177552
-9 -0.0221511
-8 -0.0263184
-7 -0.0329068
-6 -0.0379051
-5 -0.0413149
-4 -0.0439445
-3 -0.0465633
-2 -0.0477376
-1 -0.0481366
0 -0.047698
1 -0.0465865
2 -0.0438781
3 -0.0412707
4 -0.0379131
5 -0.0327234
6 -0.0264002
7 -0.0219303
8 -0.0177167
9 -0.0142226
10 -0.00968693
11 -0.00701758
12 -0.00434301
13 -0.0023382
14 -0.000205243
15 0.000937981
16 0.00151475
17 0.00274775
18 0.00196478
19 0.00138396
20 0.00152471
21 0.00135116
22 0.00145019
23 0.000268466
24 0.000642315
25 0.000405095


# t = 56.5
-26 0.000308434
-25 0.000749297
-24 0.000288453
-23 0.00131821
-22 0.00157224
-21 0.00122075
-20 0.00121399
-19 0.00146602
-18 0.00145814
-17 -0.000774406
-16 -0.00256361
-15 -0.00525924
-14 -0.00843109
-13 -0.010523
-12 -0.0125618
-11 -0.0146919
-10 -0.0188874
-9 -0.0235975
-8 -0.0277245
-7 -0.0322933
-6 -0.0368077
-5 -0.0412932
-4 -0.0429544
-3 -0.0432837
-2 -0.042352
-1 -0.0417951
0 -0.0423919
1 -0.0431708
2 -0.0430401
3 -0.0411375
4 -0.0368335
5 -0.0322245
6 -0.0275668
7 -0.0236864
8 -0.018579
9 -0.0147771
10 -0.012362
11 -0.0103479
12 -0.00845754
13 -0.00493989
14 -0.00250817
15 -0.000611727
16 0.00164337
17 0.0017411
18 0.00120932
19 0.00153083
20 0.00200559
21 0.000996146
22 0.000995235
23 0.00101707
24 6.05469e-05
25 0.000672549


# t = 57.5
-26 0.00065102
-25 0.000169596
-24 0.000833961
-23 0.0011628
-22 0.000788642
-21 0.00183429
-20 0.00090128
-19 -3.46369e-05
-18 -0.000282874
-17 -0.00202246
-16 -0.00547344
-15 -0.00836961
-14 -0.011095
-13 -0.0138642
-12 -0.0152068
-11 -0.0169258
-10 -0.0205002
-9 -0.0245294
-8 -0.0294024
-7 -0.031689
-6 -0.0355596
-5 -0.0387516
-4 -0.0406091
-3 -0.0390187
-2 -0.0375489
-1 -0.0367966
0 -0.0375201
1 -0.0390398
2 -0.0405083
3 -0.0388099
4 -0.0353911
5 -0.0317378
6 -0.0292665
7 -0.0244277
8 -0.0205348
9 -0.016607
10 -0.0153453
11 -0.0135438
12 -0.011041
13 -0.00828149
14 -0.00520452
15 -0.00194387
16 -0.00011202
17 0.000159691
18 0.00119736
19 0.0017632
20 0.00125521
21 0.00143718
22 0.000584252
23 0.000984333
24 0.000718925
25 -8.30953e-05


# t = 58.5
-26 7.15696e-05
-25 0.000515013
-24 0.00109082
-23 0.000476492
-22 0.00110071
-21 0.000799501
-20 0.000520818
-19 -0.000961463
-18 -0.00328819
-17 -0.0047435
-16 -0.00785736
-15 -0.0111472
-14 -0.0135653
-13 -0.0158363
-12 -0.0180727
-11 -0.0207016
-10 -0.0225944
-9 -0.0260098
-8 -0.0289184
-7 -0.0322767
-6 -0.0338034
-5 -0.0349266
-4 -0.0353299
-3 -0.0348977
-2 -0.0337016
-1 -0.0334124
0 -0.0336647
1 -0.0349205
2 -0.0352594
3 -0.0349008
4 -0.033784
5 -0.0321319
6 -0.0289733
7 -0.025798
8 -0.0225896
9 -0.0206101
10 -0.0178386
11 -0.0159272
12 -0.0132118
13 -0.0111567
14 -0.00767877
15 -0.00452861
16 -0.00316779
17 -0.000809992
18 0.000759797
19 0.00107155
20 0.00100517
21 0.00108527
22 0.00116801
23 0.000424002
24 0.000895694
25 -7.15557e-05


# t = 59.5
-26 -0.000150257
-25 0.000906397
-24 0.000394187
-23 0.000760094
-22 0.000678008
-21 -0.000297828
-20 -0.000930332
-19 -0.00259162
-18 -0.00554996
-17 -0.00871723
-16 -0.0103245
-15 -0.0130376
-14 -0.0157301
-13 -0.0176965
-12 -0.0210874
-11 -0.0237757
-10 -0.0258208
-9 -0.0271032
-8 -0.0287
-7 -0.0312585
-6 -0.0316264
-5 -0.0305921
-4 -0.029498
-3 -0.0303257
-2 -0.0308125
-1 -0.0307817
0 -0.0308417
1 -0.0302328
2 -0.0295633
3 -0.0304537
4 -0.031653
5 -0.0311727
6 -0.028584
7 -0.0271479
8 -0.0255514
9 -0.023863
10 -0.0208509
11 -0.0175945
12 -0.0157058
13 -0.0127246
14 -0.0103365
15 -0.00848721
16 -0.00537387
17 -0.00242777
18 -0.000814103
19 1.84444e-05
20 0.000870349
21 0.000710498
22 0.00108602
23 0.000798271
24 -3.64454e-05
25 0.00074545


# t = 60.5
-26 0.000581776
-25 5.56257e-05
-24 0.000363273
-23 0.000642322
-22 -0.000501227
-21 -0.00116501
-20 -0.00325677
-19 -0.00533735
-18 -0.00786382
-17 -0.0112314
-16 -0.0135248
-15 -0.0148406
-14 -0.0172495
-13 -0.0206042
-12 -0.0233961
-11 -0.0260516
-10 -0.0282096
-9 -0.0284262
-8 -0.0292046
-7 -0.0283736
-6 -0.0282069
-5 -0.0264525
-4 -0.0255866
-3 -0.0257732
-2 -0.027604
-1 -0.028285
0 -0.0275831
1 -0.02578
2 -0.0255094
3 -0.0264852
4 -0.0280661
5 -0.0284094
6 -0.0290663
7 -0.028359
8 -0.0281949
9 -0.0257926
10 -0.0235065
11 -0.0202756
12 -0.0172569
13 -0.014692
14 -0.0132858
15 -0.0112042
16 -0.00761955
17 -0.00517417
18 -0.00306607
19 -0.00107802
20 -9.57875e-05
21 0.000711299
22 0.000435287
23 0.000741888
24 0.000342123
25 0.000305819


# t = 61.5
-26 0.00037419
-25 -0.000105021
-24 0.000272419
-23 -0.000668428
-22 -0.0013866
-21 -0.00319032
-20 -0.00557582
-19 -0.00838396
-18 -0.0107496
-17 -0.0126864
-16 -0.0157251
-15 -0.0174954
-14 -0.0195428
-13 -0.0229335
-12 -0.0254069
-11 -0.0276562
-10 -0.0288101
-9 -0.0299465
-8 -0.0283729
-7 -0.0260043
-6 -0.0236839
-5 -0.0232501
-4 -0.0229344
-3 -0.0228575
-2 -0.0235786
-1 -0.0245781
0 -0.023545
1 -0.0228778
2 -0.0228643
3 -0.0232351
4 -0.0236463
5 -0.0258904
6 -0.0284018
7 -0.0297536
8 -0.0288187
9 -0.0275282
10 -0.0252366
11 -0.0229766
12 -0.0192084
13 -0.0175478
14 -0.0154854
15 -0.0125196
16 -0.0106641
17 -0.00815458
18 -0.00539433
19 -0.00300632
20 -0.00129584
21 -0.000196646
22 0.000207342
23 0.000138178
24 0.000954492
25 -0.000321846


# t = 62.5
-26 -0.000505664
-25 0.000345396
-24 -0.000883514
-23 -0.00187264
-22 -0.00318699
-21 -0.00571168
-20 -0.0081536
-19 -0.0108981
-18 -0.0131643
-17 -0.0149139
-16 -0.016809
-15 -0.0202628
-14 -0.0228415
-13 -0.0244266
-12 -0.0269993
-11 -0.0282217
-10 -0.0291281
-9 -0.0290035
-8 -0.0267302
-7 -0.0238617
-6 -0.0210219
-5 -0.0204406
-4 -0.0206764
-3 -0.0208064
-2 -0.0199149
-1 -0.0193413
0 -0.0199358
1 -0.0207296
2 -0.0207247
3 -0.0203189
4 -0.0210448
5 -0.0237683
6 -0.0266438
7 -0.0290123
8 -0.0288995
9 -0.0282944
10 -0.0267517
11 -0.0243772
12 -0.022762
13 -0.0199913
14 -0.0168416
15 -0.0146304
16 -0.013048
17 -0.010754
18 -0.00795536
19 -0.00548525
20 -0.00304967
21 -0.00172716
22 -0.00040555
23 0.000167639
24 -0.000113058
25 0.000329123


# t = 63.5
-26 -0.0003019
-25 -0.000920619
-24 -0.00192589
-23 -0.00335856
-22 -0.00595755
-21 -0.00813172
-20 -0.01083
-19 -0.0128622
-18 -0.0149934
-17 -0.017222
-16 -0.0191382
-15 -0.0221741
-14 -0.0251273
-13 -0.0265513
-12 -0.0273904
-11 -0.0283379
-10 -0.0283871
-9 -0.0261521
-8 -0.0245228
-7 -0.0219536
-6 -0.0204921
-5 -0.0186091
-4 -0.0184258
-3 -0.0179888
-2 -0.0167155
-1 -0.0154028
0 -0.0166998
1 -0.0179859
2 -0.0183658
3 -0.0186225
4 -0.0203749
5 -0.0219752
6 -0.0243898
7 -0.026105
8 -0.028338
9 -0.0281314
10 -0.0274634
11 -0.0262393
12 -0.0251673
13 -0.0219737
14 -0.0189559
15 -0.0171934
16 -0.0147081
17 -0.0127659
18 -0.0106439
19 -0.00796167
20 -0.00567914
21 -0.00329922
22 -0.00168712
23 -0.000542427
24 -0.00060599
25 0.00032788


# t = 64.5
-26 -0.000405612
-25 -0.00250404
-24 -0.00338248
-23 -0.00577722
-22 -0.00833056
-21 -0.0108162
-20 -0.0128387
-19 -0.0147791
-18 -0.0168029
-17 -0.0192227
-16 -0.0222934
-15 -0.0238941
-14 -0.0259396
-13 -0.0279778
-12 -0.0277629
-11 -0.0275376
-10 -0.0256943
-9 -0.0237624
-8 -0.0217208
-7 -0.02101
-6 -0.0198004
-5 -0.0182918
-4 -0.0161214
-3 -0.0145707
-2 -0.0137509
-1 -0.0139065
0 -0.0137207
1 -0.0145877
2 -0.016054
3 -0.0182827
4 -0.0197513
5 -0.0209198
6 -0.0217272
7 -0.0235917
8 -0.0257036
9 -0.0273913
10 -0.027641
11 -0.0279734
12 -0.0256445
13 -0.0239556
14 -0.0220144
15 -0.0191189
16 -0.0166983
17 -0.0145223
18 -0.0127302
19 -0.0106195
20 -0.00816775
21 -0.00547903
22 -0.00343206
23 -0.00222642
24 -0.000368673
25 -0.000699221


# t = 65.5
-26 -0.00188801
-25 -0.00315761
-24 -0.00600863
-23 -0.00830379
-22 -0.0105089
-21 -0.0129593
-20 -0.0146536
-19 -0.0166929
-18 -0.0189105
-17 -0.0216189
-16 -0.0240935
-15 -0.0258205
-14 -0.0265925
-13 -0.0273895
-12 -0.0278661
-11 -0.0253751
-10 -0.02295
-9 -0.0214737
-8 -0.0201669
-7 -0.0197473
-6 -0.0188124
-5 -0.0174394
-4 -0.0144696
-3 -0.0120515
-2 -0.0117983
-1 -0.0123164
0 -0.0118128
1 -0.0119876
2 -0.0145039
3 -0.017333
4 -0.0188296
5 -0.0196523
6 -0.0201007
7 -0.0214554
8 -0.0227589
9 -0.0254261
10 -0.0276249
11 -0.0273716
12 -0.026468
13 -0.0256023
14 -0.0241127
15 -0.0213145
16 -0.0188548
17 -0.0165185
18 -0.0144414
19 -0.0128172
20 -0.0103479
21 -0.00814249
22 -0.00581585
23 -0.00345417
24 -0.00192536
25 -0.000924202


# t = 66.5
-26 -0.00286267
-25 -0.00506949
-24 -0.00811889
-23 -0.0106086
-22 -0.0127384
-21 -0.0143814
-20 -0.0166404
-19 -0.0187183
-18 -0.0213339
-17 -0.0236791
-16 -0.0250856
-15 -0.0267829
-14 -0.027155
-13 -0.02637
-12 -0.0253888
-11 -0.0232501
-10 -0.0211743
-9 -0.019559
-8 -0.0194333
-7 -0.0181306
-6 -0.0173634
-5 -0.0152589
-4 -0.0134107
-3 -0.0116066
-2 -0.0106787
-1 -0.0100142
0 -0.0106667
1 -0.0115974
2 -0.0133632
3 -0.0152583
4 -0.0172655
5 -0.0181391
6 -0.0193096
7 -0.0195223
8 -0.0211033
9 -0.0230859
10 -0.0254247
11 -0.0260878
12 -0.0272039
13 -0.0265502
14 -0.024961
15 -0.0236197
16 -0.0210487
17 -0.0186757
18 -0.0164221
19 -0.0142223
20 -0.0125876
21 -0.0105842
22 -0.0080962
23 -0.00537044
24 -0.00391715
25 -0.00123743


# t = 67.5
-26 -0.0032762
-25 -0.00753773
-24 -0.00967237
-23 -0.0124238
-22 -0.0144539
-21 -0.0162228
-20 -0.018445
-19 -0.0210792
-18 -0.0233793
-17 -0.0248292
-16 -0.026138
-15 -0.0265006
-14 -0.0265966
-13 -0.0250869
-12 -0.0220271
-11 -0.0212406
-10 -0.0199805
-9 -0.0189788
-8 -0.0178473
-7 -0.0168984
-6 -0.014882
-5 -0.0133263
-4 -0.0125129
-3 -0.0119587
-2 -0.0099787
-1 -0.00899552
0 -0.00995164
1 -0.0119722
2 -0.0124495
3 -0.0133199
4 -0.0148264
5 -0.0168259
6 -0.0178355
7 -0.0188301
8 -0.0199836
9 -0.0210889
10 -0.0219384
11 -0.0250428
12 -0.0263468
13 -0.0265493
14 -0.0258458
15 -0.0247783
16 -0.0232356
17 -0.0208451
18 -0.0183942
19 -0.0160257
20 -0.0144037
21 -0.0124495
22 -0.0101081
23 -0.00819808
24 -0.00492247
25 -0.00270252


# t = 68.5
-26 -0.00438622
-25 -0.00814979
-24 -0.0115031
-23 -0.0135495
-22 -0.0158427
-21 -0.0183736
-20 -0.0205233
-19 -0.023008
-18 -0.0245607
-17 -0.0256886
-16 -0.0262969
-15 -0.0258429
-14 -0.0245674
-13 -0.022572
-12 -0.0206657
-11 -0.01908
-10 -0.0190309
-9 -0.0183429
-8 -0.0164223
-7 -0.0148466
-6 -0.0129002
-5 -0.0121744
-4 -0.0118402
-3 -0.0111422
-2 -0.0102051
-1 -0.00982859
0 -0.0102147
1 -0.0110885
2 -0.0118633
3 -0.0120813
4 -0.0129109
5 -0.0147537
6 -0.0163693
7 -0.0183052
8 -0.0188715
9 -0.0191078
10 -0.0204406
11 -0.0225687
12 -0.0244128
13 -0.0256754
14 -0.0262866
15 -0.0253941
16 -0.0245498
17 -0.0228074
18 -0.0203829
19 -0.0183683
20 -0.0158661
21 -0.013895
22 -0.0122832
23 -0.00980122
24 -0.00667314
25 -0.00374503


# t = 69.5
-26 -0.00487875
-25 -0.00825717
-24 -0.012106
-23 -0.0147656
-22 -0.0173595
-21 -0.0201252
-20 -0.0227059
-19 -0.0240321
-18 -0.0252267
-17 -0.0259645
-16 -0.0254478
-15 -0.0243977
-14 -0.0219716
-13 -0.0202331
-12 -0.0197497
-11 -0.0183314
-10 -0.0175961
-9 -0.0166569
-8 -0.0152649
-7 -0.0126742
-6 -0.0120703
-5 -0.0114707
-4 -0.0108964
-3 -0.0101721
-2 -0.0109365
-1 -0.0113438
0 -0.0109269
1 -0.0101588
2 -0.0108579
3 -0.0114599
4 -0.0119879
5 -0.0126712
6 -0.015152
7 -0.0166244
8 -0.0175126
9 -0.0181993
10 -0.0197535
11 -0.0199851
12 -0.0220143
13 -0.0241526
14 -0.025371
15 -0.025871
16 -0.0249849
17 -0.024054
18 -0.0225539
19 -0.0202334
20 -0.0177063
21 -0.0155578
22 -0.0135824
23 -0.010726
24 -0.00841841
25 -0.00404398


# t = 70.5
-26 -0.00408232
-25 -0.00859688
-24 -0.0116788
-23 -0.0158014
-22 -0.018934
-21 -0.0215631
-20 -0.0236789
-19 -0.0247852
-18 -0.0253792
-17 -0.0250829
-16 -0.0240161
-15 -0.0218468
-14 -0.0200895
-13 -0.0190768
-12 -0.0181937
-11 -0.0181377
-10 -0.0160707
-9 -0.014576
-8 -0.0132266
-7 -0.012248
-6 -0.0114108
-5 -0.0108145
-4 -0.0099644
-3 -0.0105022
-2 -0.0113653
-1 -0.0120291
0 -0.0113412
1 -0.0105124
2 -0.00990539
3 -0.0108089
4 -0.0113521
5 -0.0121885
6 -0.0132008
7 -0.0144471
8 -0.0160647
9 -0.0179886
10 -0.0181262
11 -0.0190036
12 -0.0198832
13 -0.0218735
14 -0.0237368
15 -0.0250812
16 -0.0252377
17 -0.024694
18 -0.0238617
19 -0.0218006
20 -0.0197802
21 -0.0172565
22 -0.0141028
23 -0.0118943
24 -0.00834983
25 -0.00448401


# t = 71.5
-26 -0.00360848
-25 -0.0077762
-24 -0.0120189
-23 -0.0159657
-22 -0.0199025
-21 -0.0223927
-20 -0.023669
-19 -0.0249405
-18 -0.0246761
-17 -0.0234557
-16 -0.0216817
-15 -0.0197549
-14 -0.0189763
-13 -0.0181876
-12 -0.0173103
-11 -0.0163065
-10 -0.0149975
-9 -0.0127821
-8 -0.0116267
-7 -0.012003
-6 -0.0109846
-5 -0.0100736
-4 -0.01028
-3 -0.0111709
-2 -0.0115369
-1 -0.0114935
0 -0.0115428
1 -0.0111254
2 -0.0102941
3 -0.00999204
4 -0.0109891
5 -0.0119143
6 -0.011582
7 -0.0127314
8 -0.014864
9 -0.016313
10 -0.0171059
11 -0.0181881
12 -0.0188075
13 -0.0196344
14 -0.0216535
15 -0.0232296
16 -0.0247818
17 -0.0249329
18 -0.0240296
19 -0.0232172
20 -0.0212807
21 -0.0183555
22 -0.0152898
23 -0.0118916
24 -0.00788531
25 -0.00434904


# t = 72.5
-26 -0.00364507
-25 -0.00707717
-24 -0.0120911
-23 -0.0160043
-22 -0.019499
-21 -0.0220437
-20 -0.0234836
-19 -0.0237034
-18 -0.0230526
-17 -0.0213621
-16 -0.0193679
-15 -0.0187465
-14 -0.0179756
-13 -0.0172574
-12 -0.0163368
-11 -0.014238
-10 -0.0132427
-9 -0.0120302
-8 -0.011406
-7 -0.0106696
-6 -0.0106548
-5 -0.0103826
-4 -0.0112074
-3 -0.011371
-2 -0.0113198
-1 -0.0110096
0 -0.0113119
1 -0.0113551
2 -0.0111754
3 -0.0103646
4 -0.0105847
5 -0.0106572
6 -0.0113039
7 -0.0119983
8 -0.0131534
9 -0.0141296
10 -0.0163155
11 -0.0170447
12 -0.0180095
13 -0.0185194
14 -0.019364
15 -0.0213336
16 -0.0230726
17 -0.0241687
18 -0.0241315
19 -0.0235382
20 -0.0217753
21 -0.0191965
22 -0.0160846
23 -0.0113731
24 -0.0077603
25 -0.0035491


# t = 73.5
-26 -0.00359503
-25 -0.00769487
-24 -0.0112831
-23 -0.0155519
-22 -0.0182008
-21 -0.0206234
-20 -0.0221315
-19 -0.0216353
-18 -0.0205391
-17 -0.0191307
-16 -0.018324
-15 -0.0177481
-14 -0.0170477
-13 -0.0161282
-12 -0.0144515
-11 -0.0131362
-10 -0.0114929
-9 -0.0118022
-8 -0.0111813
-7 -0.0100013
-6 -0.0102329
-5 -0.0115651
-4 -0.0115739
-3 -0.0113185
-2 -0.0109149
-1 -0.0110455
0 -0.0108932
1 -0.0113256
2 -0.0115193
3 -0.0115592
4 -0.0101732
5 -0.00995113
6 -0.0111453
7 -0.0116906
8 -0.0114774
9 -0.0129952
10 -0.0143981
11 -0.0160415
12 -0.0168942
13 -0.01779
14 -0.0181644
15 -0.0193624
16 -0.020808
17 -0.0223898
18 -0.0236048
19 -0.0227489
20 -0.0214354
21 -0.0193852
22 -0.0154959
23 -0.0116905
24 -0.00723543
25 -0.00332232


# t = 74.5
-26 -0.00395088
-25 -0.00791489
-24 -0.0109688
-23 -0.013753
-22 -0.0166131
-21 -0.0183451
-20 -0.0190228
-19 -0.0190071
-18 -0.0178806
-17 -0.0175234
-16 -0.0175605
-15 -0.0166924
-14 -0.0159215
-13 -0.0144106
-12 -0.0129031
-11 -0.0119505
-10 -0.011435
-9 -0.0108703
-8 -0.0105155
-7 -0.0106173
-6 -0.0107866
-5 -0.0116
-4 -0.0116024
-3 -0.0111576
-2 -0.0109638
-1 -0.0109056
0 -0.0109669
1 -0.0111186
2 -0.0116095
3 -0.0115282
4 -0.0107854
5 -0.0105337
6 -0.010476
7 -0.0108115
8 -0.0113225
9 -0.0119409
10 -0.0127261
11 -0.0144236
12 -0.0157892
13 -0.016701
14 -0.0177173
15 -0.0177621
16 -0.0187652
17 -0.0202615
18 -0.0212664
19 -0.0214284
20 -0.0203333
21 -0.0179376
22 -0.0148531
23 -0.011471
24 -0.00720024
25 -0.00365016


# t = 75.5
-26 -0.0042436
-25 -0.00732303
-24 -0.0103853
-23 -0.012021
-22 -0.0140697
-21 -0.0151561
-20 -0.0153342
-19 -0.0155553
-18 -0.015972
-17 -0.016327
-16 -0.0160847
-15 -0.0156699
-14 -0.0142189
-13 -0.0127692
-12 -0.0119373
-11 -0.011232
-10 -0.011378
-9 -0.0101909
-8 -0.0102938
-7 -0.01133
-6 -0.0118221
-5 -0.010946
-4 -0.0112088
-3 -0.0112017
-2 -0.0111504
-1 -0.0108898
0 -0.0111436
1 -0.0111843
2 -0.0111816
3 -0.0109231
4 -0.0117617
5 -0.0113101
6 -0.0102019
7 -0.0101585
8 -0.0112893
9 -0.0111463
10 -0.0119132
11 -0.012628
12 -0.0143331
13 -0.0156668
14 -0.0165208
15 -0.0170375
16 -0.0172778
17 -0.0177926
18 -0.0182071
19 -0.0189549
20 -0.0180422
21 -0.0158674
22 -0.0138867
23 -0.0105223
24 -0.00772657
25 -0.00392054


# t = 76.5
-26 -0.00351669
-25 -0.00658366
-24 -0.00862498
-23 -0.0105814
-22 -0.010791
-21 -0.0112836
-20 -0.0118203
-19 -0.0124415
-18 -0.0140794
-17 -0.0146599
-16 -0.0144309
-15 -0.0137935
-14 -0.0125753
-13 -0.0117497
-12 -0.0112201
-11 -0.0112078
-10 -0.0103078
-9 -0.0106326
-8 -0.0109346
-7 -0.011511
-6 -0.0116636
-5 -0.0112042
-4 -0.0106703
-3 -0.0111756
-2 -0.0111766
-1 -0.0112921
0 -0.0111572
1 -0.01118
2 -0.0106201
3 -0.0111975
4 -0.0116045
5 -0.0114678
6 -0.0108921
7 -0.0105374
8 -0.0102893
9 -0.0110929
10 -0.0112142
11 -0.0117488
12 -0.0126605
13 -0.0142256
14 -0.0150452
15 -0.0161064
16 -0.016077
17 -0.0153971
18 -0.0154763
19 -0.0151134
20 -0.0146841
21 -0.0139015
22 -0.0118223
23 -0.00996132
24 -0.00738392
25 -0.00401566


# t = 77.5
-26 -0.00237369
-25 -0.00496276
-24 -0.00670505
-23 -0.00771857
-22 -0.00781186
-21 -0.00766326
-20 -0.00861915
-19 -0.0102975
-18 -0.0113811
-17 -0.0122853
-16 -0.0124196
-15 -0.0115078
-14 -0.0113337
-13 -0.0110927
-12 -0.0109475
-11 -0.0105281
-10 -0.0102899
-9 -0.0111265
-8 -0.0117525
-7 -0.0112964
-6 -0.0109539
-5 -0.011412
-4 -0.0110184
-3 -0.010788
-2 -0.011253
-1 -0.0114756
0 -0.011254
1 -0.0107542
2 -0.0110201
3 -0.0113485
4 -0.010948
5 -0.0112189
6 -0.011718
7 -0.0110691
8 -0.0102098
9 -0.0105452
10 -0.010887
11 -0.0113049
12 -0.011611
13 -0.0122685
14 -0.013736
15 -0.0142551
16 -0.0143537
17 -0.0137063
18 -0.0125423
19 -0.0113546
20 -0.0111019
21 -0.0109058
22 -0.00992222
23 -0.00877432
24 -0.00629083
25 -0.00349827


# t = 78.5
-26 -0.00141996
-25 -0.00265946
-24 -0.00414092
-23 -0.00414278
-22 -0.00478273
-21 -0.00520431
-20 -0.00623106
-19 -0.00778033
-18 -0.00857599
-17 -0.00928735
-16 -0.00960332
-15 -0.00990167
-14 -0.0101478
-13 -0.0105294
-12 -0.0104692
-11 -0.0100884
-10 -0.0111981
-9 -0.011414
-8 -0.0115907
-7 -0.0111728
-6 -0.0109237
-5 -0.0109352
-4 -0.0114803
-3 -0.0110144
-2 -0.0111322
-1 -0.0112344
0 -0.0111262
1 -0.0109964
2 -0.0114566
3 -0.0109093
4 -0.0108717
5 -0.0111494
6 -0.0115141
7 -0.011396
8 -0.0111519
9 -0.0101096
10 -0.0106351
11 -0.0108133
12 -0.0109601
13 -0.0110693
14 -0.0116978
15 -0.0120267
16 -0.0120135
17 -0.0116053
18 -0.00975884
19 -0.00858986
20 -0.00775462
21 -0.00737205
22 -0.00784157
23 -0.00646439
24 -0.00485756
25 -0.00237844


# t = 79.5
-26 -0.000372795
-25 -0.000574822
-24 -0.000482231
-23 -0.00118777
-22 -0.00179251
-21 -0.00340774
-20 -0.00440227
-19 -0.00476483
-18 -0.00576484
-17 -0.00609007
-16 -0.00688294
-15 -0.00833716
-14 -0.00910646
-13 -0.00960124
-12 -0.00980352
-11 -0.01088
-10 -0.0113812
-9 -0.0115604
-8 -0.0109321
-7 -0.01118
-6 -0.0111637
-5 -0.0108953
-4 -0.0111173
-3 -0.011669
-2 -0.0110273
-1 -0.0108213
0 -0.0110098
1 -0.0116712
2 -0.0110713
3 -0.0108881
4 -0.0111084
5 -0.0111479
6 -0.0109014
7 -0.011518
8 -0.0114491
9 -0.0109761
10 -0.010192
11 -0.0102947
12 -0.0103394
13 -0.0103561
14 -0.0095129
15 -0.00956988
16 -0.00933685
17 -0.00838519
18 -0.00762811
19 -0.00632015
20 -0.00503718
21 -0.00466056
22 -0.00430978
23 -0.0039005
24 -0.00273464
25 -0.00134622


# t = 80.5
-26 0.000788368
-25 0.00162178
-24 0.00233213
-23 0.00159523
-22 0.000223617
-21 -0.00118819
-20 -0.00211976
-19 -0.00236635
-18 -0.00257956
-17 -0.00345315
-16 -0.00485371
-15 -0.00628333
-14 -0.0078187
-13 -0.00850406
-12 -0.0098705
-11 -0.0111709
-10 -0.0111912
-9 -0.0110378
-8 -0.0109948
-7 -0.010998
-6 -0.0111886
-5 -0.0112851
-4 -0.0110126
-3 -0.0113098
-2 -0.0112534
-1 -0.0108256
0 -0.0112529
1 -0.0112804
2 -0.0110108
3 -0.0112307
4 -0.0111848
5 -0.0109424
6 -0.0110026
7 -0.0110714
8 -0.0113208
9 -0.0115617
10 -0.0105126
11 -0.00980542
12 -0.00966792
13 -0.00899096
14 -0.00814041
15 -0.00699557
16 -0.00616656
17 -0.00541257
18 -0.00514118
19 -0.00420628
20 -0.00323882
21 -0.00215823
22 -0.000856252
23 -0.000793086
24 -0.000479936
25 -0.000387459


# t = 81.5
-26 0.00192336
-25 0.00351615
-24 0.00371192
-23 0.00360042
-22 0.00209588
-21 0.00137627
-20 0.000672956
-19 -5.59618e-05
-18 -0.000151984
-17 -0.00144403
-16 -0.00298929
-15 -0.00437081
-14 -0.00591057
-13 -0.00799123
-12 -0.00983973
-11 -0.0103283
-10 -0.0107876
-9 -0.0106282
-8 -0.0111128
-7 -0.0109836
-6 -0.0111197
-5 -0.0113671
-4 -0.0113593
-3 -0.0106758
-2 -0.0111793
-1 -0.011519
0 -0.011174
1 -0.0106583
2 -0.0113403
3 -0.0113454
4 -0.0110903
5 -0.0109964
6 -0.0111365
7 -0.0108026
8 -0.0111222
9 -0.0110267
10 -0.0110673
11 -0.00981928
12 -0.00858904
13 -0.00749137
14 -0.00659075
15 -0.00480707
16 -0.00326741
17 -0.00296619
18 -0.0022329
19 -0.00212016
20 -0.0014158
21 0.000341143
22 0.00138774
23 0.0022853
24 0.00150718
25 0.000764589


# t = 82.5
-26 0.00262988
-25 0.00407219
-24 0.00458418
-23 0.00433496
-22 0.00446666
-21 0.00387562
-20 0.00334627
-19 0.00260987
-18 0.00114789
-17 0.000182977
-16 -0.00110142
-15 -0.00271277
-14 -0.00455856
-13 -0.00725229
-12 -0.00862121
-11 -0.00937846
-10 -0.00990876
-9 -0.0107173
-8 -0.0107524
-7 -0.0111674
-6 -0.0111508
-5 -0.0111897
-4 -0.0111643
-3 -0.0110445
-2 -0.0109989
-1 -0.0115667
0 -0.0109838
1 -0.011047
2 -0.0111283
3 -0.0111978
4 -0.0111378
5 -0.01123
6 -0.0109104
7 -0.0110551
8 -0.0106247
9 -0.010529
10 -0.0104927
11 -0.00977551
12 -0.0076912
13 -0.00618888
14 -0.00438353
15 -0.00295931
16 -0.00156781
17 -0.000384122
18 6.05434e-05
19 0.000400234
20 0.00121764
21 0.00216091
22 0.00324326
23 0.00375932
24 0.00332072
25 0.001843


# t = 83.5
-26 0.00221909
-25 0.00367657
-24 0.00472249
-23 0.00526903
-22 0.00612468
-21 0.00624666
-20 0.00566752
-19 0.00453639
-18 0.00274699
-17 0.00146473
-16 0.000376619
-15 -0.00141223
-14 -0.00393651
-13 -0.00542195
-12 -0.0068383
-11 -0.00825893
-10 -0.00925073
-9 -0.010176
-8 -0.0106621
-7 -0.0109971
-6 -0.0111972
-5 -0.0109632
-4 -0.0108981
-3 -0.0114915
-2 -0.0112891
-1 -0.0106983
0 -0.0112895
1 -0.0114718
2 -0.0109096
3 -0.0109546
4 -0.0112804
5 -0.0111355
6 -0.0110342
7 -0.010849
8 -0.0104082
9 -0.0100855
10 -0.00927749
11 -0.0085486
12 -0.00723528
13 -0.00474954
14 -0.00259712
15 -0.00126781
16 -0.000179596
17 0.0014135
18 0.00213387
19 0.00320952
20 0.00386816
21 0.00398326
22 0.00446776
23 0.00423683
24 0.00406598
25 0.00248816


# t = 84.5
-26 0.00114597
-25 0.00286671
-24 0.00441686
-23 0.00634652
-22 0.00704354
-21 0.00781556
-20 0.0073131
-19 0.00579723
-18 0.00467554
-17 0.00283855
-16 0.00114346
-15 -0.000789083
-14 -0.00249082
-13 -0.00355773
-12 -0.005116
-11 -0.00682093
-10 -0.00851358
-9 -0.00926907
-8 -0.0104101
-7 -0.0106823
-6 -0.010869
-5 -0.0109076
-4 -0.0111738
-3 -0.011247
-2 -0.0112541
-1 -0.0108424
0 -0.0112548
1 -0.0112459
2 -0.0111964
3 -0.0109741
4 -0.0110302
5 -0.0110487
6 -0.0110663
7 -0.0104348
8 -0.010258
9 -0.00925769
10 -0.00812365
11 -0.00680986
12 -0.00577496
13 -0.00364692
14 -0.00164474
15 0.000112339
16 0.00150592
17 0.0024234
18 0.00433065
19 0.00550866
20 0.00591603
21 0.00595556
22 0.00504158
23 0.00460993
24 0.0035078
25 0.00222837


# t = 85.5
-26 0.00061091
-25 0.00200934
-24 0.00436594
-23 0.00633607
-22 0.00782502
-21 0.00814911
-20 0.00794834
-19 0.00722775
-18 0.00592543
-17 0.00420738
-16 0.00169093
-15 2.7204e-05
-14 -0.000585257
-13 -0.00217884
-12 -0.00363517
-11 -0.00539393
-10 -0.00702785
-9 -0.00862656
-8 -0.00943993
-7 -0.0102457
-6 -0.0104382
-5 -0.0110297
-4 -0.0112795
-3 -0.0109193
-2 -0.010907
-1 -0.0116376
0 -0.0109075
1 -0.010959
2 -0.0113349
3 -0.0112197
4 -0.0107772
5 -0.0109225
6 -0.0105653
7 -0.0103411
8 -0.00942498
9 -0.00829267
10 -0.00688082
11 -0.00531796
12 -0.00346921
13 -0.00265429
14 -0.000981368
15 0.00106575
16 0.00273672
17 0.00416178
18 0.00580369
19 0.00696104
20 0.00743776
21 0.00701523
22 0.00590158
23 0.00440538
24 0.00272304
25 0.00115186


# t = 86.5
-26 0.000841387
-25 0.0020458
-24 0.00401402
-23 0.00581416
-22 0.00750034
-21 0.00790821
-20 0.00803471
-19 0.00802743
-18 0.00666878
-17 0.00484731
-16 0.00296264
-15 0.00170188
-14 0.000454286
-13 -0.000829875
-12 -0.00247192
-11 -0.00394642
-10 -0.00552822
-9 -0.00733574
-8 -0.00842368
-7 -0.00932616
-6 -0.0103132
-5 -0.0108378
-4 -0.0108543
-3 -0.0109161
-2 -0.0111483
-1 -0.0112289
0 -0.0111805
1 -0.0109842
2 -0.0110427
3 -0.0111769
4 -0.0109918
5 -0.0104142
6 -0.0101291
7 -0.00965004
8 -0.00838596
9 -0.00711124
10 -0.00553377
11 -0.00370832
12 -0.00209749
13 -0.00101187
14 2.10703e-06
15 0.00165568
16 0.00368469
17 0.0059557
18 0.00675708
19 0.00766817
20 0.00802302
21 0.00734638
22 0.00633434
23 0.00403342
24 0.00208748
25 0.000497118


# t = 87.5
-26 0.00142133
-25 0.00275142
-24 0.00357512
-23 0.00512933
-22 0.00606444
-21 0.00734826
-20 0.00789938
-19 0.00758478
-18 0.00688783
-17 0.0054112
-16 0.00470655
-15 0.00334193
-14 0.00138942
-13 0.000151991
-12 -0.00125067
-11 -0.00266657
-10 -0.00425905
-9 -0.00549053
-8 -0.00725796
-7 -0.00848442
-6 -0.0097691
-5 -0.010191
-4 -0.0104681
-3 -0.0110533
-2 -0.0112496
-1 -0.0107103
0 -0.0113203
1 -0.0112234
2 -0.0108262
3 -0.0108411
4 -0.0108555
5 -0.0101466
6 -0.00951641
7 -0.0083032
8 -0.00732108
9 -0.00571086
10 -0.00403384
11 -0.0023806
12 -0.00126439
13 0.000494813
14 0.00150766
15 0.0025954
16 0.00472619
17 0.00641547
18 0.00763141
19 0.00780302
20 0.00763399
21 0.00722687
22 0.0056353
23 0.00392766
24 0.0018805
25 0.000839853


# t = 88.5
-26 0.0018623
-25 0.0030254
-24 0.00371762
-23 0.00401179
-22 0.00491572
-21 0.00615169
-20 0.00695436
-19 0.00673138
-18 0.00644795
-17 0.00652311
-16 0.00580664
-15 0.0043974
-14 0.00284807
-13 0.000986729
-12 -0.000122498
-11 -0.00158048
-10 -0.00278571
-9 -0.00414231
-8 -0.00572035
-7 -0.00764672
-6 -0.00850237
-5 -0.00941656
-4 -0.0103334
-3 -0.0108215
-2 -0.010759
-1 -0.0111184
0 -0.0108966
1 -0.0111734
2 -0.010957
3 -0.010502
4 -0.010107
5 -0.00987849
6 -0.0084505
7 -0.00714649
8 -0.00577731
9 -0.00428424
10 -0.00265786
11 -0.00154292
12 1.951e-06
13 0.00132824
14 0.00302201
15 0.00436544
16 0.00537107
17 0.00635141
18 0.00751096
19 0.00755726
20 0.0069635
21 0.00606954
22 0.00477542
23 0.00358994
24 0.00254319
25 0.00140176


# t = 89.5
-26 0.001649
-25 0.00281113
-24 0.00351845
-23 0.00347121
-22 0.00412113
-21 0.00459712
-20 0.00514052
-19 0.00582629
-18 0.00628581
-17 0.00687645
-16 0.00619666
-15 0.00521713
-14 0.00400384
-13 0.00238765
-12 0.000711972
-11 -0.00036128
-10 -0.00151372
-9 -0.00308288
-8 -0.00450602
-7 -0.00595232
-6 -0.00728192
-5 -0.00865949
-4 -0.00980133
-3 -0.0101258
-2 -0.0105859
-1 -0.0110626
0 -0.0108567
1 -0.0107167
2 -0.0108485
3 -0.0102269
4 -0.00946782
5 -0.00860718
6 -0.00746511
7 -0.00599068
8 -0.0041905
9 -0.00283731
10 -0.00175573
11 -0.000421418
12 0.00106707
13 0.00240191
14 0.00416128
15 0.00573326
16 0.00595239
17 0.00637393
18 0.00640748
19 0.00668324
20 0.00600217
21 0.00461224
22 0.00403536
23 0.00338942
24 0.00308389
25 0.00170547


# t = 90.5
-26 0.000997885
-25 0.00213758
-24 0.00269346
-23 0.00350059
-22 0.00326355
-21 0.00317548
-20 0.00352911
-19 0.00478784
-18 0.00615122
-17 0.00610606
-16 0.00621488
-15 0.00575086
-14 0.00473671
-13 0.00368056
-12 0.00201617
-11 0.00074103
-10 -0.000659775
-9 -0.0019773
-8 -0.0033552
-7 -0.00424537
-6 -0.00614108
-5 -0.0076884
-4 -0.00858432
-3 -0.00953134
-2 -0.0104015
-1 -0.0104259
0 -0.01085
1 -0.010474
2 -0.010104
3 -0.00979335
4 -0.00874644
5 -0.00712879
6 -0.00620376
7 -0.00461814
8 -0.00306419
9 -0.00170823
10 -0.000687496
11 0.000783882
12 0.00198325
13 0.00376741
14 0.00502465
15 0.00586765
16 0.00657078
17 0.00608848
18 0.00548334
19 0.00499795
20 0.00446793
21 0.00387953
22 0.00334437
23 0.00342103
24 0.00267336
25 0.00164505


# t = 91.5
-26 0.000464739
-25 0.00101831
-24 0.00202416
-23 0.00265293
-22 0.00253914
-21 0.00227087
-20 0.00281206
-19 0.00385946
-18 0.00482458
-17 0.00538268
-16 0.00571337
-15 0.00574533
-14 0.00532477
-13 0.00440673
-12 0.00354583
-11 0.00171006
-10 0.000212201
-9 -0.000942694
-8 -0.00190716
-7 -0.00343772
-6 -0.00477822
-5 -0.00618484
-4 -0.00742595
-3 -0.00885021
-2 -0.00951696
-1 -0.0100625
0 -0.0101789
1 -0.0102021
2 -0.00940182
3 -0.0087142
4 -0.00756568
5 -0.00624383
6 -0.0044802
7 -0.00331177
8 -0.00218719
9 -0.000908239
10 0.000678726
11 0.00175978
12 0.00330864
13 0.00462168
14 0.00544643
15 0.00577479
16 0.00611978
17 0.00564457
18 0.00469764
19 0.00336121
20 0.00295963
21 0.00326351
22 0.003167
23 0.0027608
24 0.00195098
25 0.00103814


# t = 92.5
-26 6.28008e-05
-25 0.000326378
-24 0.00104454
-23 0.00117345
-22 0.00172144
-21 0.00213107
-20 0.00261247
-19 0.00291214
-18 0.00319303
-17 0.00445476
-16 0.00493647
-15 0.00530001
-14 0.00543
-13 0.00505431
-12 0.00418383
-11 0.0028832
-10 0.00136995
-9 0.000191134
-8 -0.000995093
-7 -0.00254553
-6 -0.00351746
-5 -0.00462834
-4 -0.00642506
-3 -0.00755323
-2 -0.00849738
-1 -0.00933347
0 -0.00938229
1 -0.00923458
2 -0.00875123
3 -0.00728701
4 -0.0062373
5 -0.0050479
6 -0.00333022
7 -0.00213527
8 -0.00120384
9 9.59411e-05
10 0.00158963
11 0.00304462
12 0.00436391
13 0.00496686
14 0.00538977
15 0.00561858
16 0.00495518
17 0.00474012
18 0.00364374
19 0.00263134
20 0.00216766
21 0.0023573
22 0.00268103
23 0.00175925
24 0.00114235
25 0.000346685


# t = 93.5
-26 -0.000117711
-25 3.64079e-05
-24 -0.000340341
-23 8.29939e-05
-22 0.000855454
-21 0.00204007
-20 0.00226931
-19 0.00204534
-18 0.0024381
-17 0.0029538
-16 0.00403267
-15 0.00463626
-14 0.00504836
-13 0.00518467
-12 0.00437511
-11 0.00380905
-10 0.00274523
-9 0.00126073
-8 -0.000406501
-7 -0.00122988
-6 -0.00244551
-5 -0.00370713
-4 -0.00492833
-3 -0.00611303
-2 -0.00737424
-1 -0.00794242
0 -0.00838531
1 -0.00795174
2 -0.0072917
3 -0.00621777
4 -0.00484692
5 -0.00347932
6 -0.00267133
7 -0.0012538
8 4.43099e-05
9 0.00123839
10 0.00242582
11 0.00410179
12 0.0047295
13 0.00508281
14 0.00510148
15 0.00471644
16 0.00412393
17 0.00315346
18 0.00269352
19 0.00245686
20 0.00202096
21 0.00157448
22 0.00117224
23 0.000981099
24 0.000266577
25 6.54473e-05


# t = 94.5
-26 -8.80359e-05
-25 -0.000630124
-24 -0.000978126
-23 -0.000576733
-22 0.00034982
-21 0.00112699
-20 0.00153104
-19 0.00173262
-18 0.00190023
-17 0.00199066
-16 0.00278679
-15 0.00379318
-14 0.00437661
-13 0.00449076
-12 0.00467674
-11 0.00424879
-10 0.00364724
-9 0.00214636
-8 0.000844916
-7 -0.000267636
-6 -0.00148814
-5 -0.00279713
-4 -0.00347628
-3 -0.00476433
-2 -0.00570577
-1 -0.00641389
0 -0.00665963
1 -0.00645626
2 -0.00551454
3 -0.00491956
4 -0.00354442
5 -0.00243296
6 -0.00156168
7 -0.000487256
8 0.00113322
9 0.00234272
10 0.00357616
11 0.00421602
12 0.00475394
13 0.00486202
14 0.00444535
15 0.00363104
16 0.00302667
17 0.0020758
18 0.00200225
19 0.00213244
20 0.00186269
21 0.000880997
22 -0.000109929
23 -0.000164769
24 -0.000147388
25 -5.27913e-05


# t = 95.5
-26 -0.000439316
-25 -0.00107789
-24 -0.000893113
-23 -0.000713434
-22 -0.000250191
-21 -8.48183e-05
-20 0.000629143
-19 0.00138856
-18 0.00136434
-17 0.00169206
-16 0.00180144
-15 0.00261074
-14 0.00331133
-13 0.00382536
-12 0.00442761
-11 0.00442251
-10 0.00373065
-9 0.00311587
-8 0.00220318
-7 0.000560262
-6 -0.000621742
-5 -0.00143241
-4 -0.00256007
-3 -0.00320674
-2 -0.00386788
-1 -0.00451937
0 -0.00455676
1 -0.00439139
2 -0.00402929
3 -0.00305071
4 -0.00249991
5 -0.0016492
6 -0.000312491
7 0.000699421
8 0.00184953
9 0.00335039
10 0.00415287
11 0.00417271
12 0.00436727
13 0.00414781
14 0.00345898
15 0.00273379
16 0.00175269
17 0.00179912
18 0.00155068
19 0.00144733
20 0.00107261
21 0.000227803
22 -0.000517478
23 -0.00112844
24 -0.000472414
25 -0.000196423


# t = 96.5
-26 -0.00089365
-25 -0.000806179
-24 -0.000747511
-23 -0.000617748
-22 -0.00102548
-21 -0.000779408
-20 -0.000203707
-19 0.000410432
-18 0.00109583
-17 0.00128563
-16 0.00144798
-15 0.00142501
-14 0.00213646
-13 0.00321928
-12 0.00362953
-11 0.00396218
-10 0.00381489
-9 0.00373975
-8 0.00287475
-7 0.00172239
-6 0.000531147
-5 -0.000355208
-4 -0.00129496
-3 -0.00170788
-2 -0.00207494
-1 -0.00217545
0 -0.00233217
1 -0.00220759
2 -0.0021001
3 -0.00158582
4 -0.00124466
5 -0.000486517
6 0.000633899
7 0.00194832
8 0.00279798
9 0.00367895
10 0.00399336
11 0.00420744
12 0.00362419
13 0.00303588
14 0.00244463
15 0.00172207
16 0.00139343
17 0.00135506
18 0.00121115
19 0.000541678
20 -9.46494e-05
21 -0.000328282
22 -0.000703645
23 -0.000967109
24 -0.00103496
25 -0.000425342


# t = 97.5
-26 -0.000481135
-25 -0.000506965
-24 -0.000583172
-23 -0.00094507
-22 -0.00121157
-21 -0.00111213
-20 -0.000937228
-19 -0.000486511
-18 0.000415863
-17 0.000833032
-16 0.00099631
-15 0.000942889
-14 0.00134377
-13 0.00208139
-12 0.00273189
-11 0.00311029
-10 0.00387783
-9 0.00363811
-8 0.00321351
-7 0.0027947
-6 0.00188431
-5 0.000674732
-4 0.000361611
-3 -0.000193887
-2 -0.000141272
-1 3.85006e-05
0 2.06182e-05
1 -0.000103341
2 7.281e-05
3 -0.000291091
4 0.000320082
5 0.000969403
6 0.00169449
7 0.00274878
8 0.00366216
9 0.00349831
10 0.00366996
11 0.00354617
12 0.00286343
13 0.00196779
14 0.00139155
15 0.00110999
16 0.00132029
17 0.0008272
18 0.000430565
19 -0.000298347
20 -0.000863739
21 -0.00094699
22 -0.00078074
23 -0.000595692
24 -0.000984704
25 -0.000759552


# t = 98.5
-26 0.000300564
-25 -0.000255374
-24 -0.000670542
-23 -0.00116894
-22 -0.00106217
-21 -0.00132323
-20 -0.0013637
-19 -0.0009627
-18 -0.000636656
-17 0.000139933
-16 0.000392568
-15 0.000883914
-14 0.000903608
-13 0.000928588
-12 0.00166276
-11 0.00255614
-10 0.00308167
-9 0.00331944
-8 0.00349826
-7 0.00337174
-6 0.00293791
-5 0.00239317
-4 0.00182138
-3 0.00176265
-2 0.00183225
-1 0.00197398
0 0.00217215
1 0.00211547
2 0.00175234
3 0.00174934
4 0.00190615
5 0.00244174
6 0.00298258
7 0.00334142
8 0.00356672
9 0.00353015
10 0.00309375
11 0.00240367
12 0.00194163
13 0.00123302
14 0.000695336
15 0.000926818
16 0.000680856
17 0.000343863
18 -0.000581823
19 -0.000946493
20 -0.00115319
21 -0.00128865
22 -0.0008581
23 -0.00069818
24 -0.000409695
25 -0.000577955


# t = 99.5
-26 0.000313732
-25 4.64757e-05
-24 -0.000778762
-23 -0.000887992
-22 -0.00118579
-21 -0.00132904
-20 -0.00137925
-19 -0.00142428
-18 -0.00128604
-17 -0.000927777
-16 -3.77007e-05
-15 0.000436301
-14 0.000504584
-13 0.000454663
-12 0.000805067
-11 0.00170405
-10 0.00204995
-9 0.00292859
-8 0.0034827
-7 0.00362922
-6 0.00382293
-5 0.00402856
-4 0.00365791
-3 0.00376984
-2 0.00378209
-1 0.00385115
0 0.00398202
1 0.00396699
2 0.00365039
3 0.00387304
4 0.00375092
5 0.0038582
6 0.00404209
7 0.00376188
8 0.00321681
9 0.00318334
10 0.00231646
11 0.001483
12 0.000877621
13 0.000714614
14 0.000677751
15 0.000383275
16 -7.21545e-05
17 -0.000593983
18 -0.00108727
19 -0.00138687
20 -0.00132166
21 -0.00113772
22 -0.00112165
23 -0.000730181
24 -0.000202346
25 0.00020974
