dt  estimated alpha   absolute error
0.0078125 -0.0147333 0.0147458
0.0110485 -0.00248274 0.00249524
0.015625 -0.000428735 0.000441235
0.0220971 -6.49862e-05 7.74862e-05
0.03125 6.73211e-07 1.18268e-05
0.0441942 1.21579e-05 3.42142e-07
0.0625 1.23242e-05 1.7579e-07
0.0883883 1.36058e-05 1.10582e-06
0.125 1.18614e-05 6.38558e-07
0.176777 1.23419e-05 1.58113e-07
0.25 1.2493e-05 7.00804e-09
0.353553 1.24107e-05 8.9321e-08
0.5 1.25017e-05 1.69808e-09
0.707107 1.24998e-05 1.52994e-10
1 1.25045e-05 4.49714e-09
1.41421 1.2502e-05 1.96468e-09
2 1.24988e-05 1.15918e-09
2.82843 1.2499e-05 9.91852e-10
4 1.25005e-05 5.34903e-10
5.65685 1.25002e-05 2.12492e-10
8 1.24999e-05 1.34622e-10
